1000
)((((()()((((((((()(((()(((()(()()()((())))()(((((()(()))))(()))((((((()((((()((((()(((()))))(()(())))()()()))()((())())())((((()(((((()()(()((((())))()()((()()(()(((((()(()())(((()()()((())))()(((((())(((()()()(())(()())(()((()(((((((())(()))(())((((((((((((((()(()())(((((((((((((()())))()()()()((()(((()((((()(((((((()())()(()(()()()(((()(()(()(()()()(((((((((())()(()))()()(())((((((((((((()())()(()((((())(()((()(()(((()(()()(((()((((()(((())((((()(((((()(((((((()(((()))()()(()()(((()(()(((()()()((()())(((()())(()())(())()()(())((((()(()))((((((()(((())(()(((()()()(((((((((()()((())()(((()()())(((()(()(()(((()())(()(()(()((())(((()))(()(()(()(()((())()(()(()()()()((((((((((((()(((((()))(((((((()(()()(((((())((((()()((()(((()))(((()()((((()())((((()((()(())()()())((()((()((((()))))))(()())((()))(((()((()(((()((()(((((()(((()(()((()(()(((()()((((((((())()((()())(((()(())())((((((()(()(())((()((()()((((((()()((((((())(()(((())((()(((((()((((((((()()(()(())()(((())))(((()()(((())(())(((((
2 1
3 2
4 1
5 4
6 3
7 4
8 1
9 2
10 7
11 1
12 10
13 10
14 1
15 5
16 9
17 8
18 10
19 15
20 16
21 3
22 2
23 11
24 10
25 10
26 20
27 3
28 10
29 28
30 2
31 24
32 23
33 17
34 9
35 29
36 34
37 4
38 7
39 25
40 26
41 40
42 25
43 42
44 18
45 23
46 32
47 28
48 36
49 40
50 20
51 5
52 25
53 22
54 6
55 11
56 13
57 33
58 4
59 29
60 3
61 21
62 1
63 30
64 54
65 5
66 15
67 22
68 42
69 19
70 28
71 58
72 54
73 68
74 30
75 12
76 9
77 12
78 77
79 61
80 72
81 53
82 65
83 49
84 44
85 79
86 72
87 58
88 19
89 73
90 16
91 85
92 71
93 37
94 28
95 44
96 9
97 1
98 55
99 52
100 52
101 2
102 83
103 22
104 69
105 40
106 13
107 72
108 84
109 58
110 56
111 106
112 53
113 17
114 9
115 58
116 54
117 90
118 96
119 68
120 33
121 102
122 11
123 35
124 35
125 63
126 31
127 2
128 123
129 65
130 8
131 16
132 98
133 28
134 68
135 61
136 96
137 95
138 64
139 26
140 57
141 25
142 69
143 116
144 65
145 51
146 9
147 30
148 15
149 59
150 99
151 99
152 98
153 67
154 26
155 66
156 145
157 91
158 21
159 122
160 21
161 103
162 16
163 26
164 102
165 113
166 63
167 70
168 121
169 73
170 29
171 36
172 157
173 99
174 112
175 97
176 99
177 42
178 80
179 49
180 12
181 78
182 32
183 75
184 37
185 81
186 79
187 150
188 167
189 35
190 109
191 77
192 180
193 126
194 74
195 178
196 53
197 174
198 197
199 124
200 98
201 166
202 157
203 70
204 40
205 194
206 186
207 123
208 191
209 136
210 100
211 101
212 78
213 142
214 36
215 205
216 71
217 45
218 163
219 82
220 206
221 200
222 10
223 86
224 206
225 223
226 143
227 6
228 11
229 80
230 40
231 43
232 99
233 16
234 146
235 200
236 16
237 195
238 106
239 78
240 197
241 156
242 38
243 70
244 144
245 47
246 132
247 130
248 218
249 206
250 99
251 28
252 159
253 18
254 239
255 162
256 131
257 166
258 115
259 84
260 85
261 128
262 228
263 252
264 175
265 92
266 243
267 9
268 144
269 258
270 47
271 36
272 15
273 108
274 3
275 66
276 29
277 225
278 231
279 195
280 11
281 171
282 114
283 113
284 96
285 90
286 234
287 77
288 277
289 77
290 202
291 223
292 66
293 141
294 118
295 150
296 193
297 140
298 201
299 74
300 239
301 63
302 121
303 182
304 13
305 98
306 132
307 87
308 297
309 251
310 135
311 171
312 163
313 292
314 43
315 145
316 255
317 283
318 128
319 211
320 148
321 231
322 118
323 314
324 194
325 286
326 92
327 143
328 228
329 239
330 163
331 83
332 280
333 105
334 270
335 226
336 126
337 32
338 233
339 144
340 253
341 107
342 166
343 140
344 171
345 103
346 329
347 39
348 126
349 186
350 199
351 277
352 228
353 275
354 115
355 139
356 50
357 70
358 325
359 322
360 203
361 135
362 272
363 307
364 77
365 218
366 123
367 196
368 311
369 296
370 324
371 76
372 120
373 51
374 112
375 118
376 326
377 351
378 270
379 197
380 308
381 314
382 139
383 3
384 286
385 61
386 40
387 119
388 384
389 296
390 329
391 282
392 350
393 376
394 258
395 4
396 158
397 85
398 1
399 266
400 22
401 187
402 268
403 181
404 245
405 5
406 253
407 18
408 382
409 4
410 104
411 200
412 269
413 4
414 133
415 229
416 298
417 258
418 198
419 177
420 119
421 409
422 372
423 337
424 353
425 138
426 30
427 225
428 327
429 11
430 85
431 206
432 426
433 392
434 379
435 129
436 238
437 94
438 174
439 108
440 16
441 266
442 120
443 96
444 59
445 268
446 322
447 220
448 261
449 315
450 449
451 354
452 57
453 212
454 367
455 8
456 442
457 146
458 149
459 241
460 36
461 168
462 267
463 117
464 122
465 189
466 39
467 301
468 5
469 182
470 233
471 78
472 440
473 168
474 105
475 157
476 171
477 292
478 73
479 152
480 410
481 74
482 207
483 30
484 168
485 131
486 222
487 325
488 378
489 6
490 127
491 8
492 158
493 136
494 446
495 23
496 295
497 329
498 370
499 120
500 198
501 491
502 170
503 483
504 276
505 217
506 168
507 395
508 397
509 507
510 217
511 427
512 471
513 256
514 510
515 420
516 292
517 311
518 336
519 11
520 270
521 155
522 51
523 297
524 401
525 198
526 36
527 420
528 262
529 155
530 148
531 395
532 280
533 393
534 85
535 226
536 85
537 137
538 524
539 43
540 93
541 431
542 172
543 437
544 357
545 374
546 294
547 462
548 137
549 286
550 42
551 150
552 220
553 339
554 223
555 286
556 23
557 303
558 29
559 230
560 248
561 286
562 349
563 562
564 161
565 276
566 142
567 161
568 107
569 42
570 136
571 558
572 522
573 294
574 369
575 164
576 181
577 304
578 76
579 481
580 80
581 572
582 503
583 349
584 306
585 245
586 515
587 377
588 247
589 228
590 397
591 451
592 520
593 276
594 346
595 437
596 529
597 467
598 396
599 329
600 418
601 501
602 195
603 420
604 146
605 198
606 351
607 488
608 90
609 144
610 431
611 273
612 106
613 161
614 249
615 427
616 570
617 304
618 86
619 579
620 136
621 508
622 271
623 101
624 263
625 298
626 399
627 252
628 108
629 57
630 100
631 438
632 599
633 221
634 118
635 272
636 624
637 260
638 100
639 87
640 315
641 431
642 582
643 568
644 625
645 489
646 445
647 328
648 160
649 603
650 445
651 220
652 423
653 36
654 609
655 53
656 580
657 605
658 610
659 71
660 33
661 61
662 114
663 465
664 58
665 565
666 301
667 351
668 658
669 413
670 467
671 243
672 336
673 327
674 33
675 336
676 672
677 608
678 166
679 659
680 672
681 370
682 155
683 443
684 557
685 567
686 54
687 560
688 590
689 244
690 312
691 51
692 464
693 371
694 349
695 335
696 633
697 569
698 663
699 34
700 280
701 152
702 656
703 157
704 282
705 95
706 273
707 563
708 42
709 264
710 442
711 228
712 476
713 444
714 456
715 73
716 246
717 240
718 671
719 107
720 684
721 58
722 278
723 546
724 104
725 211
726 105
727 495
728 686
729 338
730 485
731 491
732 537
733 612
734 436
735 138
736 192
737 48
738 85
739 474
740 597
741 96
742 261
743 120
744 462
745 529
746 217
747 29
748 600
749 137
750 334
751 657
752 699
753 64
754 394
755 645
756 293
757 200
758 745
759 487
760 49
761 355
762 510
763 85
764 506
765 109
766 450
767 519
768 750
769 207
770 6
771 41
772 559
773 379
774 529
775 123
776 353
777 244
778 323
779 141
780 552
781 166
782 698
783 384
784 220
785 619
786 402
787 341
788 185
789 487
790 747
791 573
792 712
793 699
794 653
795 784
796 26
797 506
798 557
799 24
800 270
801 42
802 360
803 571
804 344
805 764
806 347
807 367
808 69
809 283
810 646
811 93
812 296
813 153
814 361
815 289
816 11
817 698
818 617
819 276
820 516
821 422
822 181
823 739
824 635
825 459
826 608
827 756
828 712
829 366
830 587
831 759
832 586
833 522
834 570
835 805
836 731
837 708
838 93
839 837
840 697
841 153
842 458
843 101
844 101
845 768
846 447
847 813
848 717
849 31
850 301
851 417
852 331
853 689
854 600
855 291
856 728
857 422
858 829
859 464
860 452
861 831
862 298
863 248
864 623
865 188
866 113
867 662
868 386
869 352
870 808
871 819
872 71
873 642
874 28
875 360
876 571
877 662
878 464
879 553
880 818
881 86
882 655
883 647
884 820
885 133
886 786
887 586
888 107
889 767
890 589
891 797
892 834
893 468
894 600
895 417
896 534
897 826
898 208
899 707
900 586
901 532
902 130
903 776
904 326
905 313
906 375
907 862
908 844
909 534
910 880
911 858
912 382
913 35
914 201
915 371
916 333
917 347
918 781
919 464
920 99
921 877
922 97
923 847
924 523
925 191
926 398
927 95
928 525
929 818
930 536
931 302
932 640
933 702
934 839
935 307
936 105
937 782
938 900
939 670
940 802
941 433
942 171
943 153
944 768
945 213
946 775
947 114
948 64
949 273
950 574
951 584
952 200
953 832
954 422
955 241
956 702
957 704
958 283
959 179
960 765
961 42
962 512
963 705
964 863
965 860
966 615
967 661
968 263
969 387
970 171
971 592
972 304
973 820
974 152
975 128
976 161
977 697
978 79
979 811
980 897
981 571
982 742
983 137
984 956
985 846
986 368
987 744
988 817
989 480
990 722
991 52
992 832
993 512
994 358
995 644
996 55
997 662
998 721
999 805
1000 841
