1000
()()()()))))(())))()(())(())()()()(((()))((()(()(((())((())((())(((((()()((()(())()))()(()()))(((()()()((((()(())((()((())((()))(())))(())(((())()()(()(((((()((((()(()))()))((())))())()(())))()(()((((()(()(()(())((()((((()))())((((())()))(((((((()()(()())((()()((()))(())(()(()))))))())())()((()())()))(()(()(()()))()(())))()(()(((()(((())))(((()((()))(())((())(()((((())(()())))((()))))())))((())(())()()((()()()))))))())(()))))))((()((()(()))((((())(()())(()((()((()())))(()))(((((((()))(()()()())(()())()))))))(()(())(((((()(((((()())))((((()(((((())(()(()()()(()()()))))))(((()(((())))(())(())(()())))(()(((((((((())((())()(((()()((()(()()(()()((()())())((()(((()))))((((((()()((((()))()(())()(()))))))(((((()(())((((()))((())(()(())()()))((((()((((((((()(((((())))(()))))))()(((()(()((()()(((())()(())()(((())(((()((())(()((()))()(((()()())())))())(()((())))((((((()()((()((())((((()(((()())((()((()()()()(((())((())))))(()(()))())()))()(((()))))))(()()()))())(()))())()()())()(()))())()(())()((
2 1
3 2
4 3
5 3
6 3
7 3
8 5
9 8
10 5
11 3
12 6
13 7
14 11
15 4
16 8
17 5
18 6
19 16
20 1
21 16
22 19
23 8
24 20
25 1
26 7
27 14
28 26
29 11
30 20
31 30
32 25
33 12
34 10
35 24
36 18
37 9
38 33
39 16
40 6
41 7
42 25
43 21
44 24
45 14
46 36
47 26
48 14
49 15
50 46
51 15
52 44
53 16
54 50
55 12
56 30
57 49
58 51
59 25
60 44
61 45
62 35
63 44
64 62
65 21
66 9
67 5
68 49
69 65
70 34
71 10
72 67
73 31
74 42
75 46
76 38
77 10
78 62
79 15
80 28
81 25
82 30
83 22
84 27
85 54
86 49
87 61
88 32
89 18
90 72
91 73
92 4
93 56
94 47
95 26
96 32
97 73
98 27
99 76
100 87
101 76
102 3
103 49
104 56
105 3
106 98
107 1
108 42
109 27
110 35
111 30
112 83
113 56
114 6
115 24
116 96
117 36
118 96
119 84
120 45
121 72
122 56
123 63
124 115
125 50
126 42
127 125
128 36
129 84
130 63
131 74
132 91
133 116
134 77
135 92
136 84
137 48
138 87
139 92
140 13
141 13
142 98
143 87
144 95
145 81
146 119
147 114
148 90
149 41
150 117
151 17
152 75
153 141
154 12
155 126
156 123
157 126
158 52
159 50
160 114
161 49
162 135
163 15
164 106
165 150
166 3
167 41
168 149
169 41
170 84
171 120
172 150
173 130
174 137
175 166
176 103
177 37
178 62
179 150
180 85
181 90
182 77
183 101
184 46
185 36
186 40
187 123
188 166
189 153
190 165
191 27
192 182
193 46
194 19
195 191
196 78
197 176
198 143
199 167
200 159
201 75
202 112
203 25
204 143
205 42
206 103
207 88
208 11
209 185
210 11
211 127
212 210
213 135
214 154
215 33
216 82
217 179
218 51
219 137
220 160
221 153
222 5
223 96
224 140
225 197
226 168
227 19
228 92
229 105
230 110
231 64
232 120
233 91
234 164
235 134
236 65
237 161
238 70
239 92
240 230
241 111
242 157
243 230
244 116
245 239
246 21
247 231
248 30
249 97
250 154
251 37
252 124
253 134
254 163
255 176
256 131
257 179
258 23
259 188
260 47
261 44
262 219
263 27
264 63
265 158
266 76
267 145
268 179
269 42
270 104
271 41
272 173
273 199
274 144
275 186
276 150
277 54
278 268
279 153
280 61
281 264
282 56
283 28
284 117
285 19
286 50
287 170
288 186
289 224
290 151
291 245
292 59
293 210
294 152
295 131
296 80
297 66
298 70
299 257
300 239
301 105
302 133
303 78
304 277
305 74
306 161
307 220
308 211
309 271
310 51
311 229
312 8
313 178
314 101
315 149
316 313
317 55
318 273
319 166
320 206
321 133
322 195
323 120
324 202
325 293
326 232
327 77
328 101
329 302
330 302
331 32
332 273
333 256
334 8
335 237
336 113
337 197
338 222
339 239
340 6
341 169
342 52
343 130
344 131
345 117
346 88
347 295
348 320
349 180
350 345
351 107
352 157
353 85
354 281
355 71
356 305
357 348
358 174
359 42
360 57
361 279
362 130
363 277
364 150
365 281
366 239
367 73
368 152
369 157
370 66
371 209
372 57
373 97
374 214
375 104
376 61
377 106
378 169
379 80
380 20
381 234
382 299
383 49
384 373
385 118
386 311
387 104
388 322
389 329
390 358
391 311
392 104
393 295
394 278
395 364
396 259
397 289
398 322
399 31
400 369
401 243
402 244
403 253
404 134
405 158
406 121
407 299
408 149
409 362
410 161
411 26
412 251
413 170
414 2
415 359
416 8
417 136
418 48
419 254
420 27
421 211
422 68
423 371
424 180
425 188
426 126
427 89
428 154
429 308
430 36
431 357
432 345
433 324
434 238
435 365
436 121
437 127
438 10
439 195
440 387
441 49
442 353
443 41
444 363
445 240
446 173
447 154
448 351
449 378
450 239
451 38
452 18
453 248
454 7
455 181
456 411
457 151
458 130
459 152
460 164
461 213
462 149
463 418
464 54
465 198
466 298
467 159
468 194
469 250
470 91
471 416
472 353
473 69
474 193
475 208
476 253
477 277
478 196
479 430
480 18
481 189
482 58
483 143
484 90
485 202
486 427
487 163
488 212
489 308
490 343
491 58
492 325
493 39
494 449
495 171
496 247
497 452
498 98
499 184
500 132
501 282
502 334
503 92
504 49
505 195
506 167
507 412
508 232
509 462
510 237
511 232
512 325
513 139
514 182
515 445
516 298
517 172
518 44
519 375
520 31
521 346
522 394
523 124
524 428
525 421
526 237
527 314
528 63
529 264
530 477
531 528
532 441
533 371
534 393
535 423
536 33
537 335
538 269
539 211
540 34
541 138
542 184
543 273
544 12
545 443
546 275
547 431
548 217
549 466
550 449
551 126
552 408
553 120
554 280
555 438
556 29
557 77
558 417
559 446
560 520
561 5
562 122
563 546
564 197
565 387
566 487
567 566
568 101
569 501
570 451
571 127
572 105
573 358
574 57
575 55
576 140
577 68
578 12
579 504
580 545
581 348
582 102
583 492
584 284
585 334
586 374
587 123
588 521
589 495
590 315
591 249
592 155
593 9
594 39
595 344
596 362
597 579
598 498
599 230
600 592
601 61
602 515
603 219
604 316
605 176
606 214
607 559
608 231
609 250
610 538
611 47
612 155
613 286
614 435
615 202
616 383
617 317
618 570
619 241
620 35
621 52
622 185
623 429
624 390
625 187
626 184
627 287
628 167
629 267
630 604
631 324
632 286
633 231
634 130
635 242
636 208
637 477
638 556
639 547
640 131
641 192
642 620
643 486
644 191
645 386
646 243
647 219
648 560
649 32
650 165
651 387
652 475
653 378
654 135
655 535
656 251
657 515
658 535
659 170
660 37
661 439
662 333
663 494
664 569
665 364
666 625
667 228
668 299
669 573
670 294
671 644
672 27
673 36
674 363
675 320
676 217
677 417
678 94
679 567
680 466
681 557
682 645
683 622
684 531
685 350
686 125
687 245
688 299
689 682
690 318
691 5
692 403
693 375
694 665
695 35
696 409
697 632
698 506
699 485
700 475
701 420
702 336
703 175
704 102
705 305
706 566
707 700
708 586
709 396
710 279
711 84
712 103
713 645
714 21
715 67
716 234
717 497
718 82
719 457
720 271
721 543
722 325
723 333
724 541
725 51
726 17
727 218
728 576
729 406
730 325
731 215
732 535
733 431
734 364
735 679
736 448
737 508
738 58
739 126
740 525
741 85
742 190
743 183
744 2
745 596
746 152
747 569
748 643
749 432
750 665
751 216
752 154
753 724
754 244
755 146
756 512
757 485
758 681
759 444
760 476
761 557
762 638
763 37
764 429
765 312
766 460
767 354
768 254
769 703
770 426
771 276
772 380
773 50
774 484
775 104
776 65
777 500
778 127
779 290
780 145
781 11
782 733
783 603
784 401
785 473
786 104
787 121
788 69
789 715
790 648
791 607
792 325
793 487
794 388
795 178
796 328
797 715
798 234
799 481
800 366
801 109
802 119
803 429
804 435
805 565
806 41
807 587
808 632
809 599
810 56
811 520
812 128
813 781
814 183
815 234
816 469
817 786
818 756
819 438
820 342
821 530
822 593
823 31
824 61
825 219
826 527
827 305
828 146
829 345
830 726
831 370
832 36
833 57
834 482
835 21
836 103
837 45
838 514
839 484
840 178
841 576
842 549
843 578
844 184
845 740
846 178
847 406
848 121
849 775
850 198
851 359
852 548
853 703
854 212
855 444
856 293
857 775
858 227
859 306
860 721
861 552
862 127
863 548
864 301
865 540
866 267
867 394
868 44
869 406
870 642
871 221
872 708
873 659
874 667
875 349
876 462
877 374
878 143
879 865
880 743
881 729
882 327
883 624
884 365
885 272
886 596
887 40
888 749
889 494
890 474
891 144
892 847
893 778
894 738
895 844
896 52
897 830
898 555
899 327
900 722
901 711
902 872
903 90
904 440
905 808
906 577
907 216
908 252
909 351
910 13
911 414
912 483
913 255
914 63
915 36
916 50
917 610
918 595
919 434
920 400
921 237
922 129
923 358
924 297
925 406
926 172
927 187
928 362
929 35
930 325
931 445
932 690
933 9
934 60
935 806
936 595
937 800
938 591
939 382
940 274
941 80
942 296
943 669
944 760
945 475
946 251
947 578
948 812
949 546
950 464
951 765
952 855
953 62
954 876
955 753
956 852
957 459
958 614
959 283
960 443
961 748
962 229
963 132
964 242
965 446
966 362
967 958
968 809
969 334
970 855
971 138
972 847
973 492
974 822
975 805
976 665
977 303
978 434
979 721
980 775
981 228
982 212
983 190
984 837
985 306
986 432
987 363
988 687
989 718
990 714
991 493
992 345
993 642
994 635
995 813
996 884
997 860
998 482
999 206
1000 807
