1000
))((((()((())))(((((())((((())((((()()(((()(((((((((((((((((((()(()((((((()(())()()(((((((())((((()())()))(((()(()((((()(((((((()()(((()(()()()((((())()()()()(((((())(((((()())))())((()((()(()())((())(((())))(()()(()((((()(((()(((())(()(((((()()()(((()(((((()()))(()()()(((((((()(((((())()((()(((()))(((((())()))())((()(((())(((((()(()((()))(((()())()()(((()))((()(()(((((())((()((((()()((())((((((()()((((()(()(((()((((()()(((((((())))((()()()())(((((((())()((()(())(((((()()((()(((((()(()((((()()))(((((((())))(((((()()(()(()((((()))(()(((((()((())()(()()((()))())(()((()(()))))(())((((((((()((()(()()(((((((()(()))()()((((((((()())(((())()(()()((((((((()()()(((())(((((()((((((()(()(()))))))(()(()(((((((((((((()((((()(((((((())()((()()(()(()((((()())(()()(()((((()((((()(())()(()()(((()()((()(((()(((((((((()((()((((((())(((())(()(()(((()))))()))((()(((((())((((((()()((()((((()((((()()((((()(())()(()())()))()(((())))())(())))(()(()((()((()()(()()(((()())((())(((((()((((()()))((((()(((())()((()
2 1
3 1
4 1
5 4
6 4
7 6
8 6
9 4
10 4
11 8
12 7
13 7
14 12
15 13
16 13
17 11
18 1
19 17
20 10
21 6
22 16
23 8
24 22
25 16
26 24
27 19
28 15
29 22
30 27
31 16
32 20
33 29
34 30
35 27
36 15
37 11
38 29
39 15
40 14
41 6
42 22
43 32
44 1
45 12
46 38
47 34
48 8
49 28
50 1
51 22
52 11
53 8
54 7
55 17
56 41
57 2
58 54
59 36
60 31
61 3
62 28
63 35
64 36
65 45
66 60
67 36
68 2
69 68
70 37
71 44
72 34
73 17
74 4
75 38
76 32
77 25
78 4
79 52
80 21
81 64
82 71
83 76
84 81
85 53
86 4
87 78
88 23
89 85
90 41
91 12
92 85
93 86
94 23
95 78
96 1
97 83
98 15
99 24
100 3
101 46
102 34
103 95
104 95
105 57
106 15
107 38
108 95
109 23
110 10
111 108
112 30
113 77
114 77
115 73
116 57
117 56
118 8
119 110
120 23
121 32
122 115
123 65
124 98
125 3
126 118
127 26
128 16
129 125
130 111
131 111
132 53
133 33
134 92
135 118
136 95
137 33
138 75
139 60
140 2
141 127
142 69
143 11
144 32
145 107
146 97
147 22
148 126
149 11
150 137
151 133
152 133
153 28
154 71
155 14
156 54
157 56
158 89
159 158
160 144
161 4
162 11
163 85
164 82
165 33
166 160
167 156
168 17
169 53
170 18
171 154
172 58
173 123
174 57
175 155
176 90
177 52
178 117
179 85
180 75
181 14
182 141
183 86
184 54
185 93
186 30
187 46
188 184
189 70
190 105
191 49
192 182
193 63
194 124
195 167
196 52
197 131
198 167
199 143
200 135
201 88
202 48
203 152
204 26
205 169
206 44
207 1
208 118
209 85
210 169
211 34
212 191
213 137
214 26
215 134
216 150
217 147
218 196
219 206
220 189
221 107
222 141
223 140
224 102
225 193
226 111
227 99
228 98
229 70
230 55
231 68
232 70
233 206
234 64
235 112
236 18
237 153
238 236
239 54
240 28
241 31
242 224
243 100
244 64
245 46
246 146
247 51
248 177
249 131
250 63
251 185
252 189
253 64
254 163
255 88
256 244
257 124
258 168
259 167
260 179
261 54
262 112
263 1
264 247
265 177
266 192
267 199
268 67
269 96
270 216
271 122
272 225
273 145
274 255
275 96
276 262
277 51
278 148
279 58
280 213
281 244
282 185
283 55
284 73
285 111
286 97
287 26
288 33
289 126
290 285
291 20
292 52
293 91
294 194
295 61
296 221
297 287
298 3
299 103
300 261
301 204
302 278
303 189
304 118
305 30
306 59
307 148
308 108
309 41
310 100
311 57
312 17
313 1
314 143
315 179
316 22
317 1
318 275
319 218
320 145
321 175
322 280
323 267
324 179
325 24
326 259
327 15
328 283
329 140
330 271
331 281
332 181
333 33
334 159
335 233
336 96
337 178
338 157
339 223
340 162
341 114
342 279
343 82
344 185
345 311
346 279
347 46
348 199
349 9
350 205
351 298
352 82
353 52
354 35
355 237
356 60
357 168
358 136
359 167
360 262
361 145
362 315
363 39
364 268
365 294
366 213
367 228
368 76
369 279
370 204
371 293
372 174
373 319
374 136
375 48
376 289
377 1
378 231
379 33
380 200
381 116
382 277
383 93
384 334
385 383
386 201
387 266
388 60
389 16
390 11
391 196
392 70
393 390
394 267
395 188
396 283
397 343
398 123
399 98
400 187
401 71
402 213
403 87
404 151
405 217
406 257
407 309
408 42
409 340
410 151
411 25
412 132
413 130
414 91
415 85
416 390
417 33
418 199
419 345
420 97
421 166
422 239
423 172
424 71
425 216
426 137
427 145
428 412
429 74
430 340
431 2
432 102
433 338
434 322
435 432
436 197
437 177
438 189
439 98
440 125
441 233
442 177
443 278
444 217
445 19
446 124
447 85
448 129
449 339
450 155
451 266
452 410
453 202
454 11
455 227
456 72
457 155
458 409
459 449
460 400
461 148
462 386
463 72
464 161
465 57
466 374
467 14
468 63
469 467
470 157
471 338
472 421
473 58
474 260
475 25
476 280
477 178
478 379
479 224
480 382
481 440
482 28
483 39
484 408
485 398
486 444
487 448
488 371
489 31
490 369
491 267
492 66
493 451
494 399
495 208
496 495
497 294
498 189
499 395
500 329
501 265
502 335
503 82
504 35
505 337
506 225
507 505
508 330
509 401
510 305
511 372
512 102
513 457
514 268
515 49
516 212
517 405
518 298
519 303
520 161
521 165
522 119
523 154
524 496
525 37
526 104
527 401
528 504
529 283
530 324
531 503
532 56
533 260
534 107
535 148
536 365
537 526
538 471
539 141
540 234
541 280
542 182
543 173
544 186
545 378
546 62
547 7
548 245
549 489
550 11
551 304
552 234
553 350
554 394
555 388
556 256
557 394
558 471
559 170
560 337
561 553
562 395
563 327
564 439
565 151
566 47
567 484
568 70
569 408
570 395
571 74
572 235
573 512
574 98
575 505
576 413
577 161
578 543
579 63
580 106
581 462
582 249
583 434
584 105
585 134
586 484
587 373
588 427
589 301
590 421
591 501
592 179
593 231
594 200
595 63
596 557
597 312
598 302
599 70
600 487
601 421
602 206
603 128
604 439
605 424
606 463
607 466
608 314
609 543
610 332
611 390
612 73
613 361
614 309
615 96
616 555
617 94
618 498
619 189
620 300
621 462
622 614
623 614
624 12
625 559
626 436
627 571
628 208
629 137
630 348
631 424
632 432
633 617
634 482
635 34
636 544
637 62
638 130
639 583
640 296
641 152
642 99
643 412
644 237
645 274
646 609
647 543
648 254
649 126
650 230
651 254
652 50
653 321
654 628
655 561
656 58
657 218
658 151
659 58
660 210
661 651
662 612
663 510
664 36
665 510
666 523
667 217
668 114
669 425
670 578
671 519
672 281
673 579
674 452
675 476
676 517
677 288
678 620
679 458
680 593
681 219
682 532
683 342
684 243
685 381
686 303
687 596
688 674
689 543
690 557
691 298
692 134
693 1
694 536
695 14
696 358
697 377
698 535
699 79
700 423
701 160
702 321
703 419
704 95
705 616
706 60
707 122
708 617
709 42
710 359
711 706
712 43
713 199
714 477
715 384
716 517
717 546
718 578
719 451
720 173
721 618
722 471
723 339
724 643
725 67
726 267
727 632
728 71
729 551
730 503
731 442
732 113
733 173
734 344
735 685
736 523
737 585
738 115
739 500
740 685
741 64
742 737
743 325
744 469
745 321
746 699
747 175
748 328
749 242
750 616
751 484
752 261
753 268
754 51
755 658
756 447
757 326
758 584
759 270
760 494
761 290
762 725
763 538
764 540
765 502
766 722
767 444
768 434
769 400
770 176
771 257
772 274
773 591
774 663
775 430
776 455
777 217
778 4
779 119
780 640
781 402
782 376
783 208
784 534
785 357
786 704
787 142
788 478
789 21
790 519
791 423
792 35
793 522
794 554
795 587
796 373
797 1
798 106
799 581
800 437
801 134
802 470
803 467
804 602
805 165
806 476
807 329
808 115
809 64
810 387
811 699
812 622
813 37
814 681
815 464
816 589
817 62
818 527
819 659
820 611
821 513
822 577
823 38
824 563
825 688
826 648
827 201
828 344
829 54
830 592
831 251
832 472
833 100
834 216
835 590
836 441
837 393
838 757
839 611
840 584
841 506
842 399
843 483
844 621
845 629
846 220
847 834
848 572
849 464
850 135
851 67
852 526
853 43
854 587
855 152
856 661
857 412
858 822
859 852
860 347
861 349
862 708
863 107
864 152
865 634
866 482
867 406
868 239
869 97
870 119
871 384
872 679
873 306
874 825
875 868
876 258
877 218
878 801
879 696
880 419
881 492
882 802
883 363
884 697
885 328
886 740
887 582
888 246
889 221
890 403
891 258
892 744
893 123
894 506
895 543
896 223
897 197
898 268
899 580
900 495
901 751
902 174
903 115
904 400
905 200
906 254
907 418
908 246
909 639
910 63
911 568
912 404
913 714
914 738
915 620
916 365
917 271
918 852
919 417
920 130
921 358
922 331
923 175
924 417
925 762
926 515
927 897
928 765
929 262
930 900
931 748
932 10
933 435
934 419
935 821
936 547
937 551
938 607
939 555
940 431
941 852
942 689
943 385
944 419
945 238
946 278
947 421
948 209
949 606
950 839
951 178
952 534
953 483
954 514
955 75
956 827
957 290
958 482
959 155
960 236
961 436
962 457
963 845
964 898
965 465
966 854
967 431
968 458
969 769
970 804
971 29
972 543
973 693
974 212
975 634
976 811
977 86
978 205
979 242
980 708
981 442
982 515
983 974
984 808
985 718
986 430
987 530
988 951
989 395
990 30
991 119
992 272
993 830
994 721
995 774
996 972
997 542
998 134
999 248
1000 119
