1000
(()())(()(())()()()()(((()((())((((((((((((((((()((((()))))(((()()))()()(()()()))))())()((((()(()(((()()((())))())((((((((((((((())))()((()))((()((((()))()(())()((((((((((()))((())()()((()((((((()(()(()))((((((())((((()()(()(()()(((()())((())()(()()(())()())((((((((()()(())((()))))(())))(((()((()((()))((())((()))())())()((((((()((())((()()(((()((())(()(()(((((((((((()()()())))()()(())(((((((()(())()((()))()()(()()(())))()()))))(((()(()(()()(((())))(((()))((((()()()))(()()))))()))((()))()((()())()((()()((((()))())()()))())()()()())(((())()))(((())()((((()()(()(((((((((())((((())(()((()))()((((()(((((((((((((((((())())))))))()(()))(()()))))))))())))(()())())(())((()(())))))((()())()((()()))())((()(()())(()())))(((()(())((()()(((((()()(())(()())(())()(((((()(((()((()))((())()(()))()((((()((()(((()))))(())(())))()())()(())()))())))((())(((()()(()())(()((())()()(((()))((()())(()(((((((())())(())()))(()(()())()))))()))(((()))()())((()((()))(()))(()(()))(((())(((((()(()())())((())))()(((())((
2 1
3 2
4 1
5 4
6 2
7 4
8 6
9 7
10 5
11 10
12 9
13 9
14 3
15 4
16 3
17 8
18 17
19 10
20 16
21 11
22 16
23 6
24 15
25 6
26 23
27 21
28 25
29 17
30 13
31 13
32 8
33 29
34 6
35 31
36 4
37 30
38 16
39 31
40 30
41 5
42 19
43 4
44 42
45 9
46 41
47 26
48 16
49 34
50 3
51 47
52 35
53 24
54 9
55 33
56 12
57 47
58 36
59 47
60 51
61 26
62 23
63 3
64 51
65 59
66 9
67 44
68 14
69 8
70 69
71 57
72 52
73 68
74 48
75 39
76 71
77 50
78 58
79 54
80 37
81 8
82 63
83 52
84 46
85 79
86 55
87 68
88 27
89 12
90 4
91 16
92 24
93 55
94 66
95 79
96 28
97 42
98 33
99 26
100 85
101 2
102 38
103 81
104 64
105 92
106 92
107 68
108 38
109 74
110 76
111 67
112 92
113 99
114 46
115 46
116 39
117 85
118 3
119 49
120 80
121 59
122 57
123 109
124 33
125 117
126 79
127 6
128 114
129 17
130 103
131 60
132 94
133 63
134 71
135 44
136 50
137 86
138 78
139 93
140 88
141 7
142 130
143 9
144 95
145 46
146 63
147 20
148 8
149 132
150 36
151 8
152 146
153 100
154 98
155 129
156 129
157 97
158 140
159 157
160 93
161 18
162 159
163 133
164 65
165 126
166 107
167 149
168 57
169 132
170 133
171 139
172 5
173 155
174 144
175 96
176 71
177 152
178 174
179 18
180 66
181 96
182 139
183 161
184 31
185 27
186 170
187 174
188 48
189 26
190 90
191 18
192 11
193 18
194 115
195 91
196 100
197 133
198 15
199 46
200 156
201 112
202 126
203 147
204 90
205 193
206 125
207 170
208 155
209 85
210 166
211 2
212 178
213 196
214 24
215 168
216 62
217 58
218 190
219 126
220 160
221 99
222 114
223 78
224 168
225 112
226 182
227 1
228 2
229 158
230 52
231 162
232 220
233 217
234 1
235 81
236 112
237 126
238 25
239 82
240 156
241 20
242 197
243 108
244 29
245 134
246 68
247 91
248 160
249 66
250 150
251 43
252 183
253 201
254 85
255 95
256 141
257 37
258 182
259 16
260 121
261 139
262 147
263 147
264 68
265 151
266 104
267 19
268 213
269 226
270 61
271 253
272 28
273 182
274 246
275 185
276 226
277 118
278 106
279 52
280 4
281 120
282 66
283 113
284 110
285 281
286 144
287 275
288 185
289 240
290 105
291 131
292 133
293 8
294 229
295 279
296 193
297 215
298 76
299 116
300 6
301 175
302 239
303 102
304 93
305 134
306 70
307 121
308 12
309 286
310 216
311 190
312 122
313 222
314 233
315 200
316 190
317 120
318 182
319 267
320 308
321 32
322 176
323 241
324 187
325 293
326 224
327 206
328 287
329 167
330 90
331 73
332 7
333 67
334 214
335 15
336 169
337 162
338 154
339 236
340 10
341 189
342 308
343 85
344 240
345 50
346 143
347 159
348 202
349 32
350 314
351 97
352 196
353 139
354 124
355 332
356 301
357 170
358 155
359 201
360 155
361 221
362 110
363 273
364 222
365 14
366 338
367 342
368 130
369 299
370 262
371 182
372 66
373 207
374 40
375 151
376 123
377 37
378 117
379 167
380 81
381 352
382 311
383 238
384 53
385 293
386 261
387 214
388 91
389 290
390 316
391 266
392 285
393 109
394 368
395 392
396 390
397 65
398 253
399 12
400 256
401 215
402 194
403 180
404 111
405 144
406 8
407 317
408 292
409 12
410 13
411 302
412 402
413 357
414 86
415 322
416 20
417 362
418 275
419 140
420 128
421 105
422 53
423 208
424 329
425 162
426 146
427 361
428 61
429 21
430 265
431 119
432 314
433 390
434 18
435 356
436 332
437 168
438 82
439 238
440 259
441 308
442 250
443 420
444 201
445 175
446 182
447 68
448 106
449 80
450 336
451 108
452 159
453 109
454 181
455 426
456 173
457 88
458 236
459 18
460 52
461 183
462 3
463 217
464 449
465 25
466 177
467 351
468 236
469 370
470 251
471 84
472 439
473 354
474 154
475 473
476 369
477 211
478 328
479 22
480 425
481 470
482 373
483 10
484 438
485 89
486 430
487 288
488 15
489 253
490 322
491 97
492 266
493 98
494 330
495 124
496 70
497 391
498 209
499 50
500 387
501 90
502 72
503 82
504 318
505 163
506 479
507 96
508 167
509 467
510 26
511 387
512 310
513 452
514 32
515 382
516 472
517 399
518 479
519 425
520 27
521 492
522 514
523 196
524 174
525 248
526 234
527 110
528 122
529 168
530 504
531 335
532 333
533 175
534 47
535 116
536 473
537 209
538 528
539 141
540 145
541 263
542 30
543 118
544 314
545 46
546 469
547 125
548 369
549 80
550 416
551 405
552 186
553 166
554 457
555 432
556 227
557 443
558 496
559 305
560 269
561 375
562 338
563 275
564 421
565 530
566 1
567 194
568 49
569 540
570 496
571 191
572 465
573 492
574 268
575 424
576 370
577 351
578 110
579 129
580 23
581 55
582 429
583 150
584 501
585 192
586 331
587 218
588 509
589 152
590 472
591 176
592 28
593 32
594 292
595 586
596 72
597 493
598 176
599 331
600 8
601 25
602 529
603 516
604 77
605 202
606 450
607 217
608 428
609 372
610 451
611 238
612 440
613 224
614 317
615 247
616 601
617 189
618 168
619 583
620 84
621 112
622 156
623 33
624 171
625 1
626 392
627 211
628 494
629 121
630 153
631 259
632 190
633 354
634 176
635 457
636 315
637 306
638 468
639 262
640 538
641 519
642 555
643 38
644 534
645 346
646 257
647 520
648 20
649 240
650 231
651 229
652 192
653 506
654 225
655 316
656 464
657 123
658 636
659 184
660 106
661 21
662 52
663 575
664 129
665 331
666 33
667 512
668 143
669 293
670 307
671 128
672 152
673 411
674 188
675 159
676 503
677 438
678 564
679 47
680 170
681 619
682 413
683 554
684 393
685 259
686 207
687 565
688 463
689 325
690 629
691 590
692 297
693 371
694 604
695 460
696 621
697 235
698 641
699 194
700 125
701 674
702 532
703 274
704 123
705 153
706 236
707 101
708 244
709 96
710 622
711 430
712 76
713 639
714 61
715 481
716 85
717 371
718 261
719 325
720 669
721 692
722 550
723 678
724 620
725 5
726 159
727 583
728 85
729 62
730 261
731 619
732 13
733 45
734 161
735 81
736 216
737 563
738 719
739 505
740 41
741 224
742 328
743 229
744 56
745 666
746 359
747 102
748 51
749 234
750 673
751 641
752 493
753 465
754 705
755 624
756 298
757 341
758 386
759 281
760 160
761 204
762 223
763 371
764 708
765 378
766 441
767 613
768 635
769 607
770 738
771 133
772 56
773 533
774 773
775 486
776 737
777 274
778 632
779 208
780 192
781 635
782 733
783 687
784 675
785 610
786 13
787 484
788 634
789 4
790 602
791 434
792 357
793 744
794 664
795 392
796 370
797 354
798 329
799 541
800 534
801 268
802 380
803 244
804 560
805 735
806 48
807 169
808 241
809 757
810 789
811 100
812 777
813 143
814 306
815 719
816 240
817 550
818 125
819 36
820 713
821 440
822 154
823 422
824 411
825 703
826 649
827 415
828 64
829 541
830 75
831 299
832 38
833 463
834 396
835 785
836 549
837 653
838 78
839 631
840 72
841 764
842 752
843 35
844 311
845 72
846 55
847 193
848 743
849 66
850 646
851 2
852 364
853 495
854 4
855 795
856 820
857 696
858 674
859 837
860 479
861 736
862 541
863 455
864 443
865 783
866 670
867 636
868 657
869 410
870 462
871 752
872 460
873 678
874 182
875 167
876 728
877 393
878 517
879 339
880 695
881 715
882 388
883 685
884 837
885 865
886 223
887 380
888 586
889 621
890 505
891 81
892 500
893 89
894 742
895 275
896 264
897 674
898 475
899 728
900 888
901 30
902 658
903 36
904 845
905 313
906 287
907 301
908 330
909 395
910 362
911 656
912 623
913 263
914 893
915 304
916 284
917 781
918 114
919 881
920 131
921 790
922 429
923 64
924 756
925 172
926 2
927 162
928 601
929 606
930 790
931 196
932 445
933 149
934 808
935 126
936 325
937 623
938 456
939 187
940 583
941 930
942 842
943 797
944 935
945 501
946 123
947 56
948 483
949 752
950 615
951 854
952 418
953 294
954 887
955 739
956 314
957 707
958 937
959 546
960 163
961 617
962 541
963 92
964 270
965 451
966 482
967 619
968 819
969 179
970 857
971 924
972 46
973 791
974 315
975 141
976 836
977 334
978 646
979 185
980 342
981 684
982 819
983 669
984 926
985 527
986 771
987 379
988 109
989 927
990 543
991 64
992 871
993 760
994 928
995 837
996 348
997 740
998 266
999 139
1000 104
