1000
)())()()())((()))((((()((()((((())(((()())((()()(((((((((((()(()))(((()()()())))(((())))()()((()()()()(()()(()()()))((()((((((()))(()()(()))())))(()((())()))((())((((())(())(()((())(()(())(())(((()(()((()()())())((((((()((())(()(((()()))()(((((((((()(((()())(())()((()())))()(())()))(()))()()())()()(((()()())(()(((())(((()))((((((((((())()((()())((((()()((()()()(((())(())(()((()()))()(()())(())((()))))()))))(())())())())(()()())((((((()()(()))((((()((((((((())())()(()((((((()()((()((()))()((())((((((()((()()))(())()())(((((((((((()((())())(((((()((((((((()(()()((()(()((((((((()))(()))(())(((((())))(((()()((()(((((((()(()((()()))(()())(()))()()())))()((((((())()()()(()))(())(((())()(((()()()))))(()(()))))((())))((())()(((()()()()(()(((((())())()())(())((()()(()(())))(()(()())()()(())(()(()()((())()(())(()((())()())(()(((()(((((()())))())(())(()(()(()(()((((((((((()(())()())(((()())(((()()(((()())(()()())()))((()((()(((())))(((((((((())(((((((((((()((()()))))(()))((())(()(((((()()((((((((
2 1
3 1
4 1
5 2
6 1
7 6
8 2
9 4
10 5
11 1
12 7
13 3
14 2
15 9
16 14
17 5
18 10
19 13
20 8
21 2
22 16
23 16
24 17
25 23
26 16
27 16
28 20
29 8
30 20
31 9
32 15
33 16
34 27
35 30
36 32
37 19
38 17
39 25
40 2
41 5
42 35
43 29
44 17
45 16
46 22
47 35
48 35
49 27
50 24
51 15
52 41
53 15
54 13
55 48
56 17
57 26
58 11
59 41
60 9
61 59
62 41
63 8
64 20
65 62
66 13
67 10
68 63
69 27
70 10
71 68
72 44
73 53
74 64
75 72
76 4
77 23
78 44
79 53
80 20
81 3
82 66
83 79
84 51
85 24
86 2
87 68
88 53
89 61
90 55
91 66
92 90
93 70
94 44
95 85
96 64
97 33
98 29
99 57
100 42
101 46
102 32
103 4
104 12
105 19
106 13
107 54
108 77
109 95
110 64
111 45
112 81
113 55
114 90
115 45
116 60
117 85
118 54
119 26
120 81
121 34
122 97
123 61
124 110
125 79
126 95
127 6
128 51
129 74
130 33
131 73
132 51
133 55
134 123
135 33
136 93
137 8
138 63
139 25
140 94
141 72
142 47
143 63
144 54
145 36
146 116
147 146
148 46
149 53
150 40
151 100
152 118
153 54
154 138
155 48
156 38
157 155
158 139
159 158
160 13
161 8
162 145
163 129
164 22
165 137
166 109
167 48
168 28
169 80
170 63
171 87
172 72
173 19
174 69
175 78
176 39
177 45
178 25
179 73
180 101
181 158
182 176
183 148
184 182
185 182
186 63
187 30
188 1
189 78
190 30
191 109
192 57
193 77
194 149
195 15
196 6
197 160
198 146
199 32
200 121
201 34
202 165
203 160
204 89
205 155
206 36
207 35
208 20
209 12
210 107
211 105
212 142
213 182
214 77
215 28
216 157
217 21
218 140
219 61
220 29
221 67
222 133
223 190
224 175
225 119
226 152
227 1
228 152
229 228
230 73
231 139
232 22
233 62
234 204
235 44
236 71
237 209
238 60
239 142
240 105
241 163
242 184
243 174
244 78
245 8
246 33
247 12
248 23
249 161
250 52
251 50
252 248
253 7
254 115
255 109
256 11
257 143
258 58
259 145
260 79
261 186
262 168
263 187
264 256
265 129
266 7
267 54
268 219
269 264
270 81
271 263
272 225
273 29
274 160
275 42
276 13
277 81
278 116
279 46
280 233
281 82
282 25
283 158
284 19
285 97
286 59
287 191
288 27
289 261
290 70
291 89
292 186
293 114
294 29
295 62
296 78
297 265
298 152
299 124
300 257
301 288
302 297
303 5
304 63
305 301
306 231
307 200
308 98
309 227
310 8
311 96
312 105
313 61
314 224
315 160
316 68
317 13
318 316
319 253
320 271
321 188
322 131
323 190
324 284
325 186
326 55
327 33
328 222
329 34
330 28
331 25
332 133
333 173
334 309
335 218
336 259
337 239
338 68
339 290
340 205
341 232
342 128
343 47
344 43
345 180
346 225
347 218
348 144
349 202
350 135
351 272
352 35
353 18
354 37
355 103
356 64
357 353
358 280
359 171
360 278
361 42
362 144
363 276
364 79
365 165
366 285
367 298
368 174
369 16
370 43
371 226
372 84
373 228
374 41
375 177
376 12
377 371
378 147
379 306
380 280
381 122
382 70
383 298
384 209
385 374
386 115
387 317
388 153
389 166
390 200
391 194
392 231
393 218
394 37
395 342
396 252
397 199
398 104
399 176
400 203
401 28
402 291
403 152
404 236
405 58
406 328
407 39
408 315
409 217
410 125
411 208
412 94
413 155
414 21
415 120
416 127
417 347
418 66
419 307
420 280
421 311
422 189
423 104
424 278
425 146
426 325
427 306
428 104
429 398
430 346
431 402
432 77
433 380
434 422
435 81
436 181
437 230
438 110
439 396
440 282
441 175
442 378
443 230
444 220
445 218
446 339
447 407
448 317
449 356
450 308
451 61
452 450
453 358
454 398
455 330
456 417
457 108
458 391
459 202
460 353
461 1
462 305
463 263
464 295
465 203
466 203
467 26
468 248
469 168
470 101
471 354
472 263
473 49
474 74
475 346
476 40
477 381
478 380
479 71
480 479
481 321
482 49
483 38
484 135
485 249
486 147
487 336
488 334
489 24
490 189
491 143
492 112
493 63
494 361
495 148
496 95
497 256
498 347
499 181
500 121
501 177
502 433
503 397
504 36
505 383
506 383
507 259
508 361
509 99
510 411
511 131
512 175
513 456
514 305
515 171
516 395
517 292
518 292
519 126
520 197
521 491
522 495
523 230
524 325
525 204
526 224
527 67
528 161
529 516
530 435
531 214
532 502
533 317
534 436
535 287
536 70
537 328
538 154
539 472
540 252
541 332
542 291
543 9
544 414
545 365
546 343
547 210
548 328
549 142
550 532
551 155
552 99
553 508
554 490
555 176
556 177
557 490
558 214
559 105
560 200
561 56
562 34
563 237
564 426
565 249
566 241
567 348
568 500
569 380
570 424
571 83
572 427
573 203
574 455
575 520
576 95
577 307
578 221
579 165
580 34
581 195
582 268
583 91
584 194
585 434
586 468
587 286
588 115
589 350
590 182
591 91
592 512
593 21
594 199
595 353
596 461
597 513
598 75
599 531
600 270
601 89
602 365
603 447
604 414
605 179
606 156
607 97
608 206
609 604
610 585
611 470
612 599
613 479
614 449
615 104
616 139
617 337
618 496
619 407
620 568
621 85
622 497
623 470
624 105
625 224
626 126
627 377
628 626
629 225
630 182
631 602
632 416
633 630
634 35
635 24
636 110
637 635
638 541
639 308
640 175
641 492
642 309
643 13
644 152
645 412
646 111
647 100
648 150
649 259
650 87
651 518
652 306
653 363
654 31
655 285
656 111
657 57
658 361
659 204
660 21
661 130
662 69
663 264
664 26
665 106
666 604
667 556
668 170
669 275
670 642
671 51
672 394
673 468
674 136
675 207
676 220
677 12
678 269
679 600
680 273
681 581
682 476
683 639
684 640
685 625
686 69
687 547
688 428
689 507
690 124
691 181
692 638
693 416
694 124
695 217
696 311
697 482
698 75
699 134
700 28
701 664
702 440
703 698
704 423
705 346
706 652
707 410
708 218
709 175
710 528
711 80
712 576
713 457
714 356
715 622
716 245
717 71
718 549
719 504
720 600
721 380
722 512
723 449
724 692
725 500
726 315
727 429
728 169
729 292
730 463
731 294
732 109
733 213
734 524
735 412
736 167
737 469
738 536
739 321
740 636
741 409
742 523
743 110
744 351
745 174
746 57
747 173
748 724
749 15
750 192
751 307
752 579
753 556
754 649
755 457
756 734
757 446
758 249
759 406
760 507
761 726
762 754
763 163
764 251
765 286
766 447
767 187
768 20
769 580
770 706
771 208
772 473
773 450
774 256
775 393
776 168
777 512
778 104
779 595
780 733
781 648
782 336
783 690
784 30
785 65
786 39
787 184
788 276
789 277
790 409
791 648
792 405
793 732
794 241
795 83
796 315
797 112
798 605
799 617
800 124
801 375
802 347
803 276
804 178
805 370
806 526
807 596
808 108
809 303
810 714
811 335
812 562
813 477
814 244
815 89
816 546
817 109
818 541
819 807
820 445
821 526
822 472
823 733
824 337
825 314
826 248
827 793
828 443
829 536
830 442
831 749
832 451
833 418
834 239
835 316
836 169
837 85
838 112
839 55
840 480
841 358
842 535
843 87
844 123
845 18
846 674
847 33
848 103
849 422
850 347
851 838
852 427
853 607
854 60
855 27
856 171
857 638
858 79
859 170
860 365
861 443
862 214
863 181
864 85
865 188
866 827
867 832
868 834
869 863
870 402
871 517
872 460
873 578
874 390
875 689
876 676
877 590
878 608
879 646
880 640
881 715
882 341
883 93
884 540
885 63
886 204
887 532
888 89
889 45
890 135
891 782
892 581
893 146
894 444
895 853
896 564
897 802
898 132
899 301
900 536
901 268
902 115
903 546
904 888
905 87
906 610
907 124
908 120
909 162
910 319
911 694
912 562
913 295
914 831
915 484
916 588
917 674
918 722
919 389
920 895
921 739
922 732
923 883
924 553
925 671
926 536
927 225
928 798
929 137
930 197
931 493
932 190
933 209
934 207
935 835
936 464
937 543
938 602
939 640
940 481
941 197
942 31
943 135
944 267
945 698
946 926
947 896
948 940
949 806
950 874
951 441
952 891
953 584
954 702
955 590
956 774
957 609
958 268
959 851
960 304
961 341
962 797
963 308
964 591
965 935
966 545
967 80
968 959
969 901
970 801
971 822
972 594
973 140
974 519
975 936
976 760
977 756
978 811
979 692
980 925
981 441
982 524
983 316
984 431
985 833
986 6
987 922
988 906
989 746
990 43
991 7
992 883
993 484
994 847
995 439
996 421
997 760
998 340
999 395
1000 717
