100
52 93
93 12
70 52
25 52
36 12
93 18
37 52
93 27
99 52
99 68
99 40
84 99
3 25
76 40
57 36
60 57
19 57
70 33
25 41
92 70
36 87
36 58
13 25
40 15
33 43
36 28
70 63
40 64
43 59
31 87
97 36
60 14
69 27
4 84
92 88
25 72
65 15
10 25
23 84
67 36
97 81
21 40
80 63
41 90
60 82
74 3
1 84
52 95
42 69
40 89
95 29
53 64
44 19
12 17
31 61
12 50
8 82
85 88
17 73
70 30
73 62
3 7
59 46
54 18
42 77
9 60
3 34
38 67
16 23
4 26
82 56
71 84
72 32
26 83
48 58
49 76
11 52
21 91
59 35
60 24
84 75
37 78
33 20
12 86
37 45
18 94
29 55
98 29
1 2
39 56
96 29
5 91
94 22
100 52
6 18
79 25
66 87
31 51
62 47
