1000
291 111
702 111
70 291
561 70
702 469
469 707
897 707
561 165
291 927
796 702
927 323
362 469
3 707
165 568
793 3
603 561
930 702
644 603
721 897
603 590
702 827
421 568
579 793
364 3
193 165
644 552
323 853
897 972
469 924
568 353
913 897
924 544
586 469
111 397
913 115
640 111
716 397
590 202
281 930
67 281
702 673
933 291
952 202
880 3
952 177
323 107
799 927
883 673
271 702
724 469
67 166
603 751
44 924
392 561
203 3
50 561
106 362
911 397
913 319
388 568
561 390
142 353
409 586
487 751
741 911
718 644
34 702
319 558
703 291
115 26
782 930
603 711
177 966
83 421
702 435
952 543
709 34
256 930
288 568
709 934
572 435
924 614
20 913
930 963
288 45
699 70
132 853
874 256
703 449
67 239
265 702
923 972
927 600
874 158
556 558
972 750
106 939
790 913
281 909
537 590
620 364
45 181
655 718
340 319
552 493
396 703
927 492
883 639
840 620
93 933
49 26
62 93
507 50
166 191
68 319
485 281
724 688
724 591
852 673
68 697
545 911
75 67
923 800
562 655
722 644
751 481
107 613
420 319
543 310
600 302
783 939
879 603
191 497
188 673
51 724
369 709
809 469
245 561
624 369
766 724
492 458
685 721
770 70
603 402
552 495
949 782
237 188
923 733
721 996
556 860
810 544
267 288
533 556
883 211
852 162
157 353
823 181
704 644
930 79
699 86
136 840
632 492
357 949
398 733
746 237
409 277
771 26
415 310
973 562
23 115
30 188
402 920
237 869
251 913
763 939
321 673
271 554
707 196
533 383
521 533
698 933
83 347
753 537
996 218
336 624
237 122
946 347
279 481
897 273
823 665
545 464
162 947
433 897
898 107
688 209
93 71
827 705
666 420
34 779
902 624
10 924
61 507
880 969
852 431
281 818
739 972
466 357
830 688
568 981
879 526
27 402
462 239
280 558
843 157
479 396
23 404
336 46
360 703
281 328
973 394
877 552
989 688
84 136
251 161
199 666
104 46
594 869
77 543
122 607
503 45
292 879
132 216
957 946
863 70
202 668
357 652
478 568
223 721
765 321
452 281
586 215
766 708
469 465
181 512
48 708
348 77
758 869
853 149
431 582
763 931
896 620
760 251
858 79
360 313
321 293
36 771
508 216
310 59
354 879
616 292
92 357
887 50
458 331
474 465
703 678
135 280
316 969
959 404
950 711
853 857
750 96
371 582
14 279
216 757
728 624
314 70
933 308
67 240
259 14
449 878
860 57
922 308
763 938
318 67
77 498
718 803
118 215
316 69
999 478
52 104
267 108
750 918
36 349
999 541
191 748
922 90
708 867
579 985
913 190
334 863
495 517
867 597
728 876
267 647
247 918
45 153
174 334
439 57
281 904
291 16
514 874
587 751
655 657
848 639
966 542
396 905
300 705
516 711
780 503
758 304
923 140
454 107
538 526
603 21
990 516
71 776
261 26
538 286
382 790
738 657
512 249
667 433
610 748
204 492
211 412
271 789
594 389
249 928
643 999
230 853
761 314
370 620
474 595
39 969
533 740
416 420
851 104
273 994
286 91
102 115
948 247
436 640
297 135
949 283
662 554
829 688
111 41
715 920
892 36
19 348
854 709
90 195
352 508
670 50
969 611
166 200
81 251
259 301
812 507
325 452
600 681
189 758
744 466
345 963
790 995
850 462
519 204
869 692
930 861
748 781
497 87
1000 301
109 321
748 872
311 994
496 273
352 172
616 381
514 250
581 624
469 17
803 471
604 996
889 362
390 891
253 70
906 398
830 802
378 412
52 60
47 760
771 56
300 893
665 475
189 737
992 572
881 93
238 666
328 900
353 641
969 865
589 904
345 987
10 726
337 211
697 344
390 413
852 518
555 702
503 58
686 934
706 23
188 828
483 928
426 412
257 753
582 97
257 901
749 281
556 163
536 538
878 295
178 162
553 209
535 56
644 791
782 194
484 195
75 584
421 745
65 3
771 491
502 643
999 423
203 808
738 836
326 304
622 109
538 967
510 302
364 625
381 43
726 815
670 377
705 910
869 980
763 712
211 725
522 286
218 767
463 314
669 178
952 663
43 207
140 806
217 905
995 147
143 603
901 73
706 811
473 828
874 306
272 16
299 211
233 158
256 243
650 474
779 845
747 436
661 318
909 72
553 984
194 275
369 264
275 312
429 771
332 345
939 633
311 346
186 685
61 339
252 291
318 743
657 13
598 209
598 205
940 23
655 419
315 514
136 225
809 156
930 168
656 383
439 797
584 78
686 998
41 307
566 643
41 912
317 337
84 263
31 203
652 391
811 651
785 751
245 942
281 890
561 227
565 188
614 442
844 860
632 120
350 999
6 542
262 698
188 993
497 417
470 603
815 627
948 859
162 961
972 826
505 102
864 6
975 897
266 265
710 743
812 784
677 843
833 492
707 82
424 957
274 340
746 160
350 224
784 159
254 942
934 395
534 149
522 958
350 28
643 213
866 780
461 419
829 437
200 962
20 672
594 116
743 695
792 211
884 753
368 106
381 399
204 38
822 763
131 313
637 140
842 166
135 74
517 489
814 876
61 456
751 819
80 843
439 183
629 195
451 514
134 273
660 911
307 617
309 45
906 76
125 877
187 60
289 558
285 431
256 411
49 727
144 280
831 140
450 712
885 702
563 424
23 379
295 154
549 958
545 94
822 573
219 830
6 675
292 320
401 728
516 730
270 312
796 101
240 570
924 242
605 910
302 729
595 945
607 167
335 637
490 652
119 984
776 453
936 728
842 375
644 837
476 134
100 668
2 796
729 577
171 936
315 365
459 535
871 487
729 235
42 404
718 520
403 283
550 906
334 557
685 580
4 913
350 674
962 447
15 86
80 988
230 530
813 348
102 296
998 965
596 308
226 858
777 840
449 609
795 967
915 67
899 799
935 661
365 198
614 717
317 971
313 488
104 393
361 672
813 682
626 780
591 32
745 509
64 942
124 243
787 174
862 543
662 585
661 756
984 457
16 608
655 255
548 871
422 235
228 87
927 8
420 769
512 303
331 690
723 765
759 789
473 269
540 989
518 875
578 655
815 380
309 182
689 371
978 656
86 440
353 169
990 846
106 925
13 511
543 330
370 117
81 601
546 748
875 941
119 236
121 147
551 205
569 449
704 855
926 566
595 222
652 991
642 262
639 888
307 113
924 825
495 631
488 197
206 45
790 528
960 297
744 232
952 414
201 275
9 563
486 213
791 438
694 517
752 652
569 571
687 581
366 748
974 497
894 249
943 43
63 144
655 278
886 464
425 815
241 718
100 386
204 123
252 821
572 322
358 364
130 259
204 506
461 929
653 459
167 914
907 409
88 64
683 586
365 155
390 89
320 529
794 625
164 245
814 659
477 419
646 88
483 742
363 825
377 184
112 314
99 269
591 567
750 482
322 173
37 401
110 297
902 175
198 615
509 298
121 432
96 786
731 584
718 916
6 244
527 253
873 321
143 868
973 500
427 403
978 895
215 979
679 369
448 561
313 719
32 126
756 547
574 19
396 691
20 654
892 696
445 72
444 980
525 585
210 691
839 112
544 645
349 671
157 559
526 146
214 998
774 365
509 338
483 128
587 145
609 982
122 407
234 58
441 965
372 289
724 192
486 977
485 762
684 777
141 272
535 98
100 735
974 40
743 129
805 279
816 227
280 133
701 939
273 882
266 755
278 953
23 944
632 359
33 257
177 693
248 3
53 302
372 460
356 645
224 713
805 832
815 180
474 231
583 584
590 768
60 921
868 282
114 134
460 649
36 870
246 124
774 138
715 856
287 445
439 376
265 807
791 342
427 5
568 467
964 214
228 560
384 728
12 429
139 902
964 385
714 768
955 971
817 730
401 539
463 208
553 523
513 34
221 140
680 345
367 9
305 285
499 695
411 773
104 849
835 366
1 563
201 333
534 468
268 955
374 886
115 406
408 2
985 260
531 548
29 366
452 329
141 152
185 302
481 480
700 825
18 116
495 22
880 410
373 142
624 937
408 430
129 664
795 986
709 606
248 294
930 532
490 593
443 392
931 838
569 501
515 948
377 25
86 66
760 732
387 797
34 103
117 954
658 845
150 424
57 736
823 428
848 418
214 932
956 906
11 239
524 582
116 798
859 35
776 54
756 229
776 455
919 368
276 245
475 734
351 931
450 917
160 355
847 325
879 341
175 638
804 511
24 911
363 772
434 533
676 531
263 968
720 14
258 482
998 504
635 226
578 137
305 648
619 313
95 530
151 497
579 983
621 121
618 19
258 564
948 575
49 179
923 834
432 472
300 623
382 220
602 621
992 824
324 792
203 588
636 19
127 877
903 32
343 331
75 634
604 576
228 599
176 865
51 170
446 229
532 105
778 157
235 630
180 494
754 696
820 374
592 752
7 198
362 976
582 290
221 908
970 303
638 212
764 264
841 211
327 866
788 301
775 298
6 55
85 22
704 400
284 372
405 85
143 997
148 47
664 612
135 801
628 755
951 794
