100 50
01101100110011001100110010011000110010011001100110
11000111100110011001100111001101100111001100110011
10010011001100110011001101100111001101100110011001
00111000011001100110011000110010011000110011001100
01101100001100110011001101100111001100011001100110
11000110001100011001100111001101100110110011001100
10010011011001011001110010011000110011100110011010
00111001110011110011011000110010011001001100110111
01101100100110100110001101100111001100011001101101
11000110001100001100100111001101100110110011011000
10010011011001011001110011011000110011100110110010
00111001110011110011011001110010011001001101100111
01101100100110100110001100100111001100011111001101
11000110001100010011011001001101100110011010011000
10010011011001001001110010011000110011000000110010
00111001110011100100100100101101100110000101100111
01101100100110110010000001110111001100001111001101
11000110001100011000110011011010011000011010011000
10000011011000001101111110001100110000110001001101
00010110001100011011001111000110011001100100100111
10111100100110110110000111101100110011001110010010
11101001110011100011000011111001100110011011001000
01000011011001000110000110010011001100110001100101
00010110001100010011011100000110000110011000110011
10111100010110111001111001101100110011001101111001
11101000111111101100100001111001111001100111101100
01010101101011000110000100110011001100110011000110
00111111000001101011001110011001100110011001101100
01101010010100111110011011001100110110011001101100
11000000111110010100110001100110011100110011000110
10010101101011000001100011001100110110011001101100
00111111000001101000110110011001100011001100111001
01101011100011011100011100101100110001100110010011
11000001110110110110001001000110011000110011000110
01101011011111100011000010010011001100011001101100
00111110001101110110010100111001100110011100111001
10010100011000111100111001101100110011110110010011
11000001001101101001110011000110011001100011000110
01101011100111000011100110001100110011001000101100
00111110110010010110110011011001100110011100011001
10010100011000111100011001110011001100110111001100
11000001001101101001001100100111001001100011100110
01101011100111000011100110001111100011001000110011
00111110110010010110110011011110110110011100011001
10010101100100111100011001111100011100110111001100
11000011001110011001001100111001001001100011100110
01100110011011001100001100110011100000110000110011
11001100110001100110011001100110110100011000011001
10011001100100110011110011001100011110001110110011
00110011001110011001111001100110111011000111100110
01100110011011001100111100110011110001100001001101
11001100110001100110011110011001011011000001001111
10011001100011110011001111001100001110010011100110
00110011000111011001100111100110100100111110110000
10011001101110001100110011110011110001101100011001
00110000111011011001100110011001110011000100110011
01100100010001110011001100011001100110000000110110
11001110000100100110011001001100110011000001111100
10011011001110001100110010011001101001110111011110
00110001100111011001100100110011000000111110001111
01100011001101110011001001100110010100001011011001
01110110011000100110010011001100111110000001110000
11011100110010001100100110011001101011000100100110
10001100110011011001001100110011000001100110001111
11011001100111110010011001100001100011000011011001
01110011001100100100110011001000110110001001110000
00100110011000100001100110011100011100011100110010
10001100110001110011001100110110001000110110011001
11011001100011011110011001100011010011100011001100
01110011000110001100110011000110111111110110011001
00100110001100100001100110000011101101111100110011
10001100011001110011001100010111000000111001100110
11011000110011011110000110111101100001100011001100
01110001100110001100100011101000111011000110011001
00100011001100100001110001000010011110011100110011
10000110011001110011011000010111000100111001100110
11001100110011011110001100111110000001100011100110
10011001100110001111011001101100100011100111110011
11001100110011000110001100111001110010110011011001
01100110011001101111011001110011011000011000001100
11010011001100111001110011100110001101001100100110
10001001100110010000100111001100011011100111110011
00100001100110000110001101100110001110110011011001
01110011001100001111011000110011011100011000001100
11011110011001100111110010011001110110110000100110
10001100110011110011100100110010100011100001110011
00100001100110011001100001100111001001000011011001
01110011001100001100110011001101100100000110001100
11011011001100000110011110011000110010110011011001
10001101100110101100111100110001100111111001110011
00100110110011111001100110011011001101001100100110
01110011011001010011000110011110011000000110001100
11011001101100000110001100110110011000110011011001
10001100110110101100011001100011001100111001110011
11011001100011111000110011000110011001101100100110
01110011001001010010011001100110011001100110001100
00100110011100000110011001100011001100110011011001
10001100110110101111001100110110011001100001110011
11011001100011111001100110011100110011001100100110
01110011001001010000110011001001100110011110001100
