100 50
00011110100011000100101110011110111101101100110111
01010011000110001001110100011000110111010001000000
01110110001111111101111101011011000110011101010011
01100111110111111100011011101110000111111110001110
11101110101101111001001110010010111010111000101110
11111111000100011001010001001011110100100011111001
11000001001110011111001010011100001011101110111101
11101000111111101101000111101101100110011110011111
01010011111111111110001010100110011100100100001010
01111010111101101000111001110011101111111011110101
11110011011110111101100100010100011110111110100001
10111011011111100001111010011111111001101100110111
10010101011101110010011011011110111100111111011011
10110111011111010100101001011001111101011100111111
10010100011011101111101100010110101110101010001011
10110111001000110010101011100111011011010000101010
10110001101011110111101111001101011101011101110011
01101110111011101111110110111011110001011001001101
11110101111001100111001111101110010011011101111110
01111010011111111001101001011011101110100010000110
11111011000000001111111101111000011101101111111111
11001111101101110000101111110101011111110000111010
11001111001101011010111101111110010010010100000111
10001001111101111111101000011000101011110000011000
01111001111000011111011111111101101010110101111111
10011001010101101000100111111001010101010100110100
10100110001110011100011111110010110110110010101111
11001010010101110011001000001001011011111000010111
11111110110101100111001101111101110010110110001101
11001001011011100000110010111010001011110001111010
10101110010111111101010100100111011110101010101011
11011100101001111101111111101001101010101101111001
11110110111011101111101011101110101010111100011111
11111000001111010010010101011111101110101011101000
00101001101000100010101111010101110101100110111011
01011101000111011000100110001101010110001101011110
00111010011111110011011101011111100011111011111100
01111111100001010000010011111111101101011101110101
10101010010110110101101100101011110110111011010110
01111001100001001011001001101111011100011110111101
11110000000000110110111001101011101001010011110111
11101010110011100111110111100100101101011101111101
00110110111101011101111011011111011110010010101111
01101010010001111101111110101101110111110101110010
00011011000010111000111111111011000101100100100111
00111110010010111001100000101011011010011100110100
11111111010111101111101111000011101111111111110010
01110010111111001100000011111001010101110101110111
11011111111011111010010111110111111100110010110010
11110011110111111011111101101111001010001000011110
01000110110001000101110110011110010011101100010110
10110101111111101111011011111111100111100010100110
10001110011001111111101001111111110100011101101100
10001010101011110100101110011001100111101111101101
01111110101010111111100110011011111111011011101111
11110100000010111100101111000011100110101110110111
11110101010010111110001111111111101100001001011101
11000011010110110010110001100010111111111111111010
11011011111010000010110101111101100001000111101111
11100101010111010011110011111010111110100001010101
11011100110101110010111101101101101011001010101000
11011111111101101111000011111011100000010111111001
00001111111110110111101110110100111111010001011011
10010001100010110011100011100111111111110101110100
00011111101110111111001111010100100110110101111101
00100011111001011111111110100011100011101111101111
10111000001011101011000101000101000000100111111000
11111110011010111110100110100110101100110101011100
11010010011101111110010100100101001100001101111010
11001110111101010101110100100110100110011011010110
01100111010101111101000011111110001111011001001111
10010111001111011111111110101100011111100111111101
01011110111010101011111010100110111101110011111110
10111011010110111001110111101101011011111001111110
11011011011111110110100111011111110111010111110111
11111100101100000110101000111000010111110101111110
01000001110110111010011111110110011001101010110110
11001011011111111011000011011010010111111011000000
01000111000111011110100111110011111111110111110010
00101111101011010011001111101001010101101011111111
01100011011110011100111111100110111010010111111011
11110111101001011001111000100100001100000101111101
01101101101101010110101000011111011101101010010111
11111011011111001110111101101011001111110111110111
10001011101011111110101111111101011000001100111111
10101111011110100111001101001010111100111110011100
10001010010000111111011000011001010110010001001011
10111010111101111000100010000110101011101111110110
01101110011001001011111101100001011010111111110110
10011001100010010110000000111111111110000110011001
01010001101111110010011110010010101100110110001011
01111010111001010011101001011110101100110010001000
10011101110111010001110110000110110011010011110100
11110111001101011010001110100100001000010111001110
01101111111011000000111011011011111011001111001010
10101011111110101011110011100101010100010110101110
00111111011100111110110100011011000111010101110011
11111110110101010011001011001110000100011011001111
00001001101101111101111110110111111010010001100000
10000001001000011100010110111111001111110010110111
