98 50
11101110111011101110111011101110111011101110111011
10101010101010101010101010101010101010101010101010
10101010101010101010101010101010101010101010101010
10101010101010101010101010101010101010101010101010
10101010101010101010101010101010101010101010101010
10101010101010101010101010101010101010101010101010
10101010101010101010101010101010101010101010101010
10101010101010101010101010101010101010101010101010
10101010101010101010101010101010101010101010101010
10101010101010101010101010101010101010101010101010
10101010101010101010101010101010101010101010101010
10101010101010101010101010101010101010101010101010
10101010101010101010101010101010101010101010101010
10101010101010101010101010101010101010101010101010
10101010101010101010101010101010101010101010101010
10101010101010101010101010101010101010101010101010
10101010101010101010101010101010101010101010101010
10101010101010101010101010101010101010101010101010
10101010101010101010101010101010101010101010101010
10101010101010101010101010101010101010101010101010
10101010101010101010101010101010101010101010101010
10101010101010101010101010101010101010101010101010
10101010101010101010101010101010101010101010101010
10101010101010101010101010101010101010101010101010
10101010101010101010101010101010101010101010101010
10101010101010101010101010101010101010101010101010
10101010101010101010101010101010101010101010101010
10101010101010101010101010101010101010101010101010
10101010101010101010101010101010101010101010101010
10101010101010101010101010101010101010101010101010
10101010101010101010101010101010101010101010101010
10101010101010101010101010101010101010101010101010
10101010101010101010101010101010101010101010101010
10101010101010101010101010101010101010101010101010
10101010101010101010101010101010101010101010101010
10101010101010101010101010101010101010101010101010
10101010101010101010101010101010101010101010101010
10101010101010101010101010101010101010101010101010
10101010101010101010101010101010101010101010101010
10101010101010101010101010101010101010101010101010
10101010101010101010101010101010101010101010101010
10101010101010101010101010101010101010101010101010
10101010101010101010101010101010101010101010101010
10101010101010101010101010101010101010101010101010
10101010101010101010101010101010101010101010101010
10101010101010101010101010101010101010101010101010
10101010101010101010101010101010101010101010101010
10101010101010101010101010101010101010101010101010
10101010101010101010101010101010101010101010101010
10101010101010101010101010101010101010101010101010
10101010101010101010101010101010101010101010101010
10101010101010101010101010101010101010101010101010
10101010101010101010101010101010101010101010101010
10101010101010101010101010101010101010101010101010
10101010101010101010101010101010101010101010101010
10101010101010101010101010101010101010101010101010
10101010101010101010101010101010101010101010101010
10101010101010101010101010101010101010101010101010
10101010101010101010101010101010101010101010101010
10101010101010101010101010101010101010101010101010
10101010101010101010101010101010101010101010101010
10101010101010101010101010101010101010101010101010
10101010101010101010101010101010101010101010101010
10101010101010101010101010101010101010101010101010
10101010101010101010101010101010101010101010101010
10101010101010101010101010101010101010101010101010
10101010101010101010101010101010101010101010101010
10101010101010101010101010101010101010101010101010
10101010101010101010101010101010101010101010101010
10101010101010101010101010101010101010101010101010
10101010101010101010101010101010101010101010101010
10101010101010101010101010101010101010101010101010
10101010101010101010101010101010101010101010101010
10101010101010101010101010101010101010101010101010
10101010101010101010101010101010101010101010101010
10101010101010101010101010101010101010101010101010
10101010101010101010101010101010101010101010101010
10101010101010101010101010101010101010101010101010
10101010101010101010101010101010101010101010101010
10101010101010101010101010101010101010101010101010
10101010101010101010101010101010101010101010101010
10101010101010101010101010101010101010101010101010
10101010101010101010101010101010101010101010101010
10101010101010101010101010101010101010101010101010
10101010101010101010101010101010101010101010101010
10101010101010101010101010101010101010101010101010
10101010101010101010101010101010101010101010101010
10101010101010101010101010101010101010101010101010
10101010101010101010101010101010101010101010101010
10101010101010101010101010101010101010101010101010
10101010101010101010101010101010101010101010101010
10101010101010101010101010101010101010101010101010
10101010101010101010101010101010101010101010101010
10101010101010101010101010101010101010101010101010
10101010101010101010101010101010101010101010101010
10101010101010101010101010101010101010101010101010
10101010101010101010101010101010101010101010101010
10111011101110111011101110111011101110111011101110
