998 50
01100111000000110000001111111101110000000000000111
00111101000000100000011000000101011110000000011101
00000001100000110000110001110101000010000000110001
00000100000000111101101011011101000011000000100011
00000111100011100111001010000001100101000001110110
00000000100010001000111110000000101111000010010100
00000111100011001111100000001111011000000010001100
11101100000001110000000000111001110111000011011000
10111011100000011100000000100110011001001101110000
10000110100010000100000001100010100001111000001110
11000101101110000011100011011000100000001111001011
10111101011001000010110000001100111000000001110001
10100001100011100110000011110101001100001110011011
10111001111010110101001110010011000100001010001110
11001110001110010000111000111110001100111010000000
01000011110000011100100000100001011001100110001111
01111100110000010100000000111111010001000100111001
10000110010000110110011111000001000001101101100001
10110010011011110010110001000001101110110011010011
11010000000010010001101110100000101010000110011110
01001000011110011110001010111110001011010100001000
11001111110000000000111010000010001001110111101000
10000010001000001000100010000011001110010000110000
10000110001100111000111101110001110011111011010000
00011100000101100000000101011010011000001010110000
00110000000101000000000001001010001000011000100000
00000000010101100000111011011011111000110111100000
00111001110110011111101010100100000001100100011000
00001101000011100000011011111100000111000110001100
00000011000000111000010001010000000100000010000100
00000010000000001100110001110000000110110011000000
00000000000001110100100000000000000000011101101100
01111000000000010100100000000000000000000100100100
01001000000000010100110000000000000001011111100000
01111100111011011100010110000000000001011000111100
00000101101111000000001100000000000000000100010111
01001001000101111011011000000000000000011100111001
11001101000100001001110000000000000000110011101101
10000101000111111000000000000000111011101110000110
10011101000000000101110000000001101110010001111011
11010011000000001101011011000001000000110011001010
01011010000000011011001001110011100000100110111010
11001010000111110110001011010010111100101101001111
10000010101100000100001110110010000101101001010001
11000000111000110100000000100111000111001011010000
01000010100111010110001111100101110001101110011111
11000010110100000011110000000010001100100000110001
00011110010101100000010111010011111000111000101111
10010000010011000111011001110000001000001100111000
10010000011010100001001110001111001011100100000000
10110011101000111111110000001001101110111100001100
11100110001101110100011100011000010000000000000110
00000100000111000110000100010011110000000111000011
00001100000000000011110100010010000000001101000001
00011000000000000000011000110011000000011001000001
01010110000000000000001000100001000000010001110001
01011011000000011111101000000000111100011110011011
11000001000000101100111000000111100110010010001100
10011101000001110100000000011100000010110011010111
11110101100011011101011100010011111010010001011001
00001100100010000011010111010110001011010001001101
11001000000010111001010001001101101001011001110111
01101100000010101001011100111010111011101000011000
00110100000011000001000101110011010010111011101011
00010110001101000011010101010001011011000110100110
01110010011001100010010111110011001101100000110101
01000110010100100111010000011110000110000001111101
11011101110110111101110000000000000110000001000000
10010001100010000000000000000000010010000011000000
00110011000011100000000000011110110000000110000000
01100110011100111100000001110010100000001100000000
11000101110111000100001001100010010000011000000000
10000001011001000110001000010010110011111100000000
10001001101001000010011011011110101010000010000000
01111000000111000011110110000000011010001110000000
11000000100000000000001101111011110110011000000000
10000001101111000000111011001010010001110000000000
10000001011001000000101010011010011101000000001111
00000001010001110000101010010110010110000000000001
00000000010110010000101011011101110011110000011110
11100111110101110000101100100011000001011000110000
10111101000101000000100100011000000000001111100111
11000001000001100000100111001000001100000000101101
01100001000000111001110001111100001000111001101011
00110001110111001111110110000111011000101101001010
11010000010000000000011100000011000011000100111011
10011100001111011110000000000001100110001100000001
10000110011001100010000000000010110101111000111101
11110011110000100000000000011110010111000000100111
00011100000000100000000000000000011101100001100000
00000000110111100000000000011110100000110011000100
00000011100100011000000000010011101110010010000100
00000000001101101100001110011000001010011110000111
00000010011000100001110011101010001011010000000001
00001110110000000011011100110110111001100000000001
00000001100000000000000111010100100100111111000001
00111111000000000000111001011100011111000001100011
11100000000000000001101110000000010001100000110110
10000000000000000001000011000000010000110011010100
11000000000000000000111101000000010000010010010100
01100000000000000001100101110000010000011010010100
00100000000000000111011100010000110000001001010100
00100000000000000100001000010000100000011001010100
00100000000000000111100000011111100001110001000100
00000000000000000000111100000100000001100001010100
00000000000000000000000100001100000001100001110100
00000000000000000110100101111000000000111111010100
00000000011110001100000111000000000000000000011100
00000000010010001011110000111001110001110100000000
00000000011100010110010101101100011011001100000000
00000000000110110100101101000100001110001011011001
00000000000010101100100011000000000000001001001111
00011000000110111011101110110000001110001111000000
00010111110100000010011001010000001011000000000000
00010100010110111110110001110000011001000000000010
00010110010011110001110000010001010001000000000011
00111011011001001011011000000011010001000000000000
11101000001001111011101111000110011001000000000000
10011000001111000011010001000100001111100000011100
10010000000000000001010001000000000001000000010100
01010000001100000011011011001111100111000000110100
01010000000100010010001110001001000100001111101100
10010000011101110110000100111011010100011000101000
11011000010000001101000011100010110000110110110000
01101000011111101011000110000011001100100010000000
00101000000000111010000001111101111010110110111100
00111100000000000110000111000110000110110101100110
00000110000000000000001100011011100101111001000111
00000010000000000000111001101100110111001111000001
00000110000001110000000111000000011000110000001111
00001100000001001001110101000011101000100000001000
00011000000011001011010110100011001000000000011000
00110000000010001110011010100011011000000000010000
00100000000010000000001110110001010100000000000000
00111000000010000000000011011001110110000000000010
01001101110011000000000001001000001100000000000110
11000101010001000000001110001000000000000000000100
10000011010001111100111011011000000000000000000110
10000010001100000111100111010000000011011100000011
11011100111011010001100000110000000110010100000001
01110110101110010010111111000000000101110010000011
00000010000000011110100001110000011001000010111110
00000010111100000001110000111000001001000011000000
00000010100110011110010000100001101111001110000000
00000011100010010011010000100011010000111000000000
00000000110011110001010000100010011111100100000000
00000000010100000001110000111101110001000100000000
00000000110111000000000000000101001111001100000000
00000000100001000011111100000001110000001010000000
11000000110001000110001100000100010000000011000000
01110111010001001101101100000111011000111001000000
00010100010001001011001000001101001000101011000000
11010000010011001010011011111001111001101100111000
10011101110010001100010110000000000001000101100000
10000101000011110100110101111000000111001101000000
11110101111110010100100101001110000100101001110000
01010100000000110100100111000011000101101110010110
00110100111100101100100000000001100111101101011011
01101101100110111011100000000000100000000101001101
11111001000010100000000000000000101111100101100110
10000111000010111111000000001100101000100000110000
11101100000010000001100000011011101001100111010000
00111000000011110000011100011010111011001101010000
00000000000000010000110110011101000100111101110000
00100000000000100000100000000101000011101000000000
00111000000001110111100111100101100010001110000000
00001011100011001100000100100110111110000010000000
00001110000010001011101100000011000000000010000000
00000000001110001110101000000001011110000011000000
00000001111010000001100000000001110011001110000000
00000011010011000001010001100001100001111000000000
00000010011100111001111110100111011000000000000001
11001011100101001110000011101100110000011000000001
10111000110110000010110000111011000001111111000011
10101111010010011100010000000001000001000101100010
11101101010001110110000000000001111001000100000010
00001011011001000010111000000000001111100111100011
00000110001101000011101001000000000001000000100001
00010100000101001100001001100000000000111001100010
00011100001101111011101000110000000111001011000011
11000000001000000010101000010000011101011010000001
10000000001100111011101001110111110011000110000011
00000000000110101010011011001100001110000100000010
00000000000001011110010110001001011000000110000011
00000000000011000000010101011011010000000011000001
00000000000010111000010101011110110000000001100010
00000000001110101000011101111100011000000000100110
00000000000000101000000001000000001000111010101101
00000000001111000011100001011100000000101011101001
00000000001101101110110110110110100000110000011011
00000000011000101000011100100011100000000000010110
01111010110110111000000000100100000000000001110100
11001110100011000011110011101100000000000011000100
10000000110001111010010110011000000000111110010100
11000000010000001111100100110000000000101100110110
01111000011000110011011101100000000000001101100010
00001000001000010001010000000000000000111011000010
00011000001110011101110000000000000000100000001110
00010000000010000110100000000000000000110111111000
00010000000001110111000001000000011110011101000000
01110000000001100001001111000000010011100011000010
01000000000000100001111000100000010000000010000010
11000110000000110011010001100000011100000011000010
11000010001111000110010111000000000101110001000010
11000010001001100100010100001110000111011101000110
00000010001000111111110110011010000000000001000100
11000010111000010000000011110000111000111011001100
10001100100000110000000000000000101110101110111000
11101000000000100001110000011100100010110000000001
00100001110000100001010000010111100110011100001111
00101101011011110000110000000000010111100101111000
01101001001100011001100000000001110111000111001111
01011101110111101001000000000001000100000000100001
01110001110000101101000000000001011100000000111001
11001100000000100101000000000001100000000000001011
10001000111000101011000000100010100000001000001110
10000000101000111010000011101110100000011101110000
11111000110000001011110010001000100000110111000011
00001110010110111000011101110000111111000011110001
11100011011011100001110111010000000001011100000000
10000001101100011101001000010011111000110111011000
11110000100100010101101100011010010011000001001000
10011110111000110110111010001110010010100001111000
11000011001011100010001011010001110001101111100000
01111101111110000001101001000000000001011000000000
00000101000011000110111000110111000011010000000000
01111001111001000010000000100101000110000000000000
11001110100111000101111000001101111101111000000000
10000010100000000101001000001011000011001000001110
00000010100000000111001000011010001110111011001011
01111110100000000010001101110001111000100101001100
11000101100000000011000101001111000000101101110111
10001110000100000001101101101000000000111100010001
11110011000110001000011000101100000000000111010001
00010001111011101000000000100100000000000000110001
00011000001100111000000000100100000000000001100011
00001000000100000000000000101100000011000111000110
00011000001100110111100000001010000010111100000000
01110000001011010101100000101110000010100011000001
01000000011110010101101111100000000011100010111111
11000000010010011101011000101110000001000010100000
10000000111101110001110000101010000000011010111000
10000000100011001110000110101011100100010111001000
10000000100110001011011011110000111100011100111000
11000000111100001101110001011101000000000001100000
01000111000000000110110111000111100000001101011000
01101101110001110010110100000000110000111011010000
00101000011011010000010110000111001111100010010000
01101111000110011110010010011101101010010011010000
01010001111101100101110010010000110110110001110000
11111100000000100111001111010000011100100000001000
00100111000111011000111001011000100010100000001111
10110011000001101111100001001111100011100000000001
10011001100000110000000001111000011100111000000011
11001100110000011011100000000111010101001111111010
01100111000000001110110000111101110101000000001011
00111001000000001011011101100000100011001100011001
00110001111111011001100101001000100010000101110011
00000110010001110000100100001100100011000101010110
00001100011111100001100100000111100001110110010100
00011011110000111101010100000000000000111011011100
00000110001110100111011100000000000000101001100000
00000101111010100010011000111111000000101000111000
00000110100000111111010000100001110000001110001111
00000011100011000001011111000001011000110010110101
00000000000010000001000001111001001000100110100110
00000000000010000011001110001001001100110100000011
00000000000011000010001000001001010110111100000001
01111000000001110010001000001001010010100000000000
01001000000000010010001100001001011110111000000000
01101111011100000011000100001111000000001000000000
00100001010110000000000111100000011000001100010110
00110101010011101000000000100000001100000011110011
00010101001100101011000000100010010100001111000000
00110101101011101010000000100010110111011001011100
01100000110000001100000000110011100001110101010110
01000111011011000101110000010000001110001101010011
01101001001101100111010001110000011001111001011000
00101110010110100000011011000001010111000101001110
00110011011000100001101110011111010101110111111011
00011001000110111111000001110001110100011000010001
11101000000100000001100111000111000011001100111111
10101101100100011100101100100000001110001111000000
11000000110100000110101001100001111000011001100000
01100011010100000001101000010011000010110010100000
00100010000100000001001111011110010000100010100000
11000000111100000011000001101011110011100011100000
01000001100010000110110010110100000010010000000000
10000001000011001100011011010100000111010000000000
10000001110001111000001001010100001101100000000000
10011100011000001000011001010100001000110010000000
10110100001100101011110101011100001100011110000000
11101100000100101110011101000000000101101011000000
00001000011100110001000111011100000111001001100001
00001000010111010011000000011110011000001000110001
00001000111000011110000000010010110011011000000111
00001001101111100001000000010000101111001101110100
10011011000000101111000000010111101011000011011100
10110110000000111000000000011000000110111110000000
11100100000000000111000000001100000101100000000000
00000100000000000101000000000100000111000000000000
00000100000000001101000000000111001000000001100111
00001100000000011001100000001001001100000000111101
11001000000001110000100010001111000100000000000011
01111000000011001011100011110000000110000000000110
00000011100010001010011100010000000011101100001100
00111110100011001010000110111000111000000101011000
11100000110001011011111011101001100111111101100110
10000000011101100000001110101101001100001100110011
11000011100110110001110000110001101000111000010001
01000010110010011001010110011010101100100000010011
01100000001011101110010010001110110100000000010010
00100000011000110011011000000000011100001111010010
00111001110000011001101000011100000000000001010011
00001001000000001100111000010110000000000001100001
00001001100000000101011000010010000000010010100001
00001100110000001101101010110110000000011110000011
00000110011000011000101101100000000000000100011110
00000011001111110000000111011000000000000100110000
11010001100011000000111000010000000000000101100000
10110000110110000000100000000000000000000011000000
10100000101100001110111000110000000000000110000000
11100000101000001011001110011000000000011100011101
00000011111011101101010010001000000000010111100101
10010110001101100101010110001100000000110100101011
11110100110111000011010101110110000001101000011110
00000100100001110010011101010011000110001100010000
11111100111000010011001011011101000010000101010111
10000010001111011101001110000101100001111101101101
01110011100010000110000000000110110001011000111011
11011000100111111011001110000010010011001100000010
10001001100100001000111010000010010110110101111010
11101100001101111011100011110010010100010111001011
00100111001011001010000000010100010110010000001001
01100001101101111000111100110100111010011000001010
01011100100010001111100110101100101010101000011010
01010111100011100000011010110011101010111000110110
01000000000000110000001110011010000010001110100000
01100000000000010000000000001000001111000011101100
00100000000011110000000000000000001001000000000100
01100000011110000011100000000000011011000000000110
01000111110101111110100000000000110110000000000010
11000100001101000000111100000000100000000000000010
10000100111011000000000100000000110110000000000010
11000110100000001110001100000000001100000000000011
00000010111100011011001000011110001000000011101101
01000010000111010000001001010010001000000000101001
01111010000101101111111001110011001000000000111001
00001110001100111000000100010000111000000000000011
00000000001011000111001100011011100000000000011010
00000100011010111101110011100010001110000011110110
11001100010011011000010110111011011010000110000000
01100000110001110000011001001101110010000100000000
01011110100000000000001011000100001110001101111000
11110010110000000000001000000111101011110101001100
10000011010000000000001110000000101110010101000111
00000001001100000000000010000011101000010101100001
00000001010110000000000011000110001010110100110000
00001111010010000000011101000100011011100100010000
00001010111110000000110101100100110000001110010000
00000000100000000000100110111100101100001011110000
00011111011110000000100010000000110110001100000000
00010001110010000000110011000101010011000110000000
00010000000011110000011100001101110001100010010000
00010000000010010000000111111000000000111110011100
00011000000010110000000000100001101110000000000100
00001101111010011000000101110011011010010110111000
11100111001011110100000111011110101010110011101110
10100000101100000100001000000101100011001100000010
01100000100110000111001011001100111101001001110011
01000000100010000001001101001000011001011111010001
01010110100011011011001000111000011111010000111101
01101101100001010000111011100000000000000101100101
00110001000111011001100010011000000000011111010101
11010001000101001001000010110111000001110000110111
00110000011101001011000011100101001111000011100000
01101000110001011010100000011101101001000010000110
01011000101101100010000001110000101011000011100100
00110000101000111011100000000000000111011100100100
00100000111000001110110111001110000100110111100110
00100010000000000111010101111010000100100000111010
01100011000000000001010100000110101100101110001010
11011101110000000000011100000101101001101001011011
00010000010000000011100000000111000001010111010000
00010000011100000110101111000001101101010100000000
00110000000110111100111001111110110101110110000000
11101110111001100011000110000010011110011011000000
10011111101100111101110010000011110011001001000000
10110100100100000100011011001100000001001011100000
11100110101100000110001101011000001001001100111010
00000011101000000011100111010110001101000110001010
00000000000000000000110010110010000111000011110010
01000000000011111000100110100010000000000000010010
01100011110000101000111101100010010001000011010110
00011110011101101000000011000011011101000010110100
00111000110101011000111010111101100101000110101100
01101011101100110011101011100110110101100100111000
01011010000000100010010110000001010100101100000011
01010010000100100110010101110001110100110010100010
01011010000111110100010100000000010100011110110010
01101010001000010111010101111000011100000001010011
00111011001100011001000101001100000000000011010001
00001101100110101101011101010110000000000110110001
00000010100001100101110001011010000000000100100011
00000110101110011000001111001110000000011101100010
00001100101010001100001000110000000000010001000010
00001000111011000110001000100000000000110111000011
00001100000001100011011010111000000001100100111101
00000110011110010000000010001100000000101100100111
11100000110001110000111011001111000001100000100000
10110000000000010000101001110001101111000000111110
10001111101110011001100110010000111000000111100000
11111000111010101001011100011011110110001100011000
01000111000010111001101110001010010010000011101100
11101101111110000000110011101001110011000010110100
00101000000000000000000000111011001110100110011000
01101110111100111011000011000010011010111000001000
01000010100101101001000001111011010110001111111000
01100010111011011011000001001001110100000000000000
10100010001110010010000001101000000100000000000000
10110110000000000011001110101001111100000000100000
10011000000000000001011001100001000010000000100000
11000000000000000000110001000001110011000000100000
01111100000000011111101111001110010001000000100000
00010110000000010000000000000110110111000001100000
00011010000000010000000000000000101000100001011100
00001001111100110000000000000111101100111001110100
00111001000111101100000000000100000100001000111110
00100001110000000110000000000111000110001000101010
00100110011000000011000000000001000011111001011011
00101100001000000001110000000001110000010011010001
00111000000000000000010000000000011111001110100001
00001111000000000000010000000001110001001000110010
00000001000000000000110000000001001011001100111110
00000001000000010000100000000000011010000111100000
00100001000111011001100000110001110110000000100111
11110001100101101001000001101111000100000001101101
10011000000100111001110011001000000111000001011001
11001011100111000000010010011000000001100000110111
00110110000000111100011110010110011100111111100100
01101100011000100100000000011001110110000100010111
11000000010000000100000001101111000011100011010000
10111000000000000111110111000000000000111100011000
10101100000000000000010000000000000000000101100111
11111100000000000000001110000000000000001100101001
00010100000000000000001011110000000000001000111100
00001100000000000000011010010000000000011000000100
00011000000000000001110011000000000011010000110100
01110000000000000011010101110001110010011000011100
11000111100000000111011100011101010110001000000000
10001100100000001100100000000110011100001000000000
11001011000000111010110000001010010000001001101000
01110001100000110110010000001010110000111011011000
00011110100000101000010000001010101111100010010000
00001011100000101111110000011010101001001010011000
00001100110010110000000111110011101101111010001100
00000101011010000000111100000000100110000011110101
00001011001011111110100000011000011001110000010011
00011010101100000010111000001000110000010111011110
00010010110111111100000111110111100001101101100000
00011000011000100100000100011100011110100110111000
01101000001010100111101100000101110010111011001000
11011010011011101000110011001101010110001000001100
10010011110000011110010001111101101100011000000000
10011100000111011010110000000100110000010110000000
10000110111101011101110000111100011100011100000000
11001010100101100111000000100000000111100000000000
10111010010110111000000000011100011000110000000000
11100010011010001111000000010111101000011110000000
00000011001100110001000000011000111000000011000000
00000001110111100001000000001000010001100001110000
00000000111000110001110000011000011101010000010000
00000000101000011000010000010000000111010001110000
11000001101000001100010000010000000010110011000000
01000000011000000110110000011000000011000110000000
10000000010000000011100000001000110101101100111001
10001110000000011100011100001111101100001011101011
11011010111110010011110110000000011000111010001110
01100010100011010110000010100000010000000011000000
00101100111001110101000110111101110000000001100000
00011011001110000101111100000100001000000000111110
00010010000010000101111000000100001100000000000000
11011010000010000100001100000000000110000000001000
10001010000011011011000111000000000001110001011000
00001011000000110001100001000000000001010011010111
00001001000011100000111011000000001111011010001101
00001001000010001110011010000111011010001010001011
00000011000111101010111001110101110010001011101100
00000000001100110000100011010100000011001000111111
11110000011010011110111110011110001101011000010000
10010000010110000011000000000010111000010000000000
10001110010100001101000000000000100110010000000000
10111011111100001101000000001110001010110000000100
10110001100011000011000000011010011011100001110110
10111100111001000010000000010010100000000011011010
10100111001011000010000000110111101000000010000011
10111001111110111110000110101000001001011110011101
10101110110000100010000010101011101011011110010101
10100110011011100010000110001110101100010011010101
10101000001010011010000100011001100000010000110110
10111011110011001110111000110111011100010000101010
00010110010101000001101000101100010100010001100110
11011100110100101111001100110011100100010011000100
10010011101100111000000111110100111100011010001100
10010010001000000000011010110111000000001010110000
11010010111000110000010110010001110000001000010110
01110011010001010000010100010000010001101111110100
00000001011001010000011100010000110011000000000110
00000001001011000001111011100000010010110001110010
00000011001110000011000010110111100010101111010110
00000110000001000010111100010100110010111000000000
00001101111001000110100101110000011100000000111010
11011011000001101100011101000111100111000000001011
01110110011000111000010001101100100001000000011011
10010101110111000000000010111000110001100000110111
10010101000111100011110010010011011000100001001100
11011001000110101010001110110010101111101111110111
01001000000001101010001011100110100000001010010001
01011000000111001011101100001100100000101011100011
11110000000100101100110110111001100011101000111010
10000000001101100101010011101101000110001110001110
11101110011001011101110000000011000000100010000000
00111011010001111010000000011100001111101110000000
00000001110000001011000000010111111000001000000000
00000001000000001001000000111000110000000111000000
00000001000000011001100001101000100000000101000000
00000001000000010000111011001110100011100101110000
00000001100000000000001010110010100110100100011100
00000000111000000010011010011010101100111100000110
00000000001111100011000010001110100100000010000011
00000000000100100001100010000000111000000011000001
00000000001100111100111011001110001110000001100000
10000000001000000100001101011010110010000010100001
11100000001100000011110000010111011110000011100001
00101110010111100110011000000101100000000000000111
11111001011011011110001101111000011100001110000100
10010001001000110010000001001000110111001010001101
10110001111001101110111110111000100001000010001001
10000000000111001000100010100000100001111010001101
11100001111100001100110010100000100000001111010111
00100001001011100111010010111111100000000001110000
00111011010110111000011010000000000000000000000110
10011010010101001111001010011100000000000001111011
10000010010101111001111011100100000000000011001001
11111010010110011000000000100111000000011100001101
00001011111011000000011110101001001110110100100101
11100100001101000000010010101001101011101101110111
10111100000101001110010001101110111000010011011000
10000011000101111010110001000010000110011010001000
01101110011000000011101101100010110010101011000110
00011000101000001110101000110000010110111000110010
00110000111001111000101000010000001100000000100010
00100000000001011100011101011000011000111001100010
01100000000011010110000111011000010000101111000010
01000000010010010011110000111000111000100000000000
01110000110010110000010011100001101000100111000000
00010011100000100000011010011101000000100001100000
01110110000011000000001011010111111100110000000111
11001100000010100000001101001011010100011111111100
10111000110110111100000101011001110111100000010011
01100000100100010110000001010000000000110001011001
11000000110111110010000111001111001110110001100011
10000000010010001110111100000000111000000000111010
11000011011100000001101100000000100000111000001011
01000110011100000011000100000001101101101100001101
01100101110111011110001100000001000111010110000111
11110111000001110000001010000011000010010011100000
00000000011000001100001011100010000010010100110110
01111100110000000110001100100010001110011100011100
01000111100000000010000111011110011000000000000000
11000000011100000011100001010000110011100000000000
10000000000110111100000111011111100010110001111100
10000000000010100100011100100000000011011001001000
10000011101100001101110001100001111101101101011000
10000110111011101001000111000011000000100110000111
11011100000010101011011100001110000000111010001101
01010000111010101010000111101000000000001011110001
01010000000110111010000000101111000000111000000011
01110111111000100010000000100101111110000111100110
10010100001100100010000001100101000011001100111101
11001110000100111110000111000101000001110100000001
01001011111011100101011100011101100000010100000011
01101110001010000111010011010000100000011100001110
00110000001011101100010001000111100111100011101000
00010000001100111000010001001100000100100000101100
10110011000110000000010011011011000110100000010110
11010110111010000000011010010010000000100000010010
01111000101011000000101010010010000000100000011010
00001100101101100011111010011100000000100000010011
00000110100110111110000010010100001111100000000001
00000000100011000000110010010000111000000000000001
00000111100001110000100010011100000000000000000011
00000100000000010101111011110110000000000000000010
00000111100000010101001000011010000000011100000000
10000000110001011100001101001010000001110110000000
11000000011011000001100101011011100111000001000000
01100110001101110101011101000000100100000111011000
00111100000110011101110001111010110111000100011111
00011000000010000000001110001011010001001100000101
00010000000010000000001011111001010101001010011111
10010000000011100000001100000001110101101011010000
10110010011110111000000000000001010100101001011000
10101010010000001101110000000001101101101011001110
00111010110111000000010011100000111011000010000010
11011100100001101000010110110000000010111010000010
10000100000000101000010000011001110110100011110110
11110110000000111000010111101001010100100010000100
00010011110000000000011100111001010101001100011100
00011110011100110000000101100001001101000100010000
00000110000100011100011101011100111001100000110000
00000011100111000110110011010110110000111001100010
00000010101001000001101100011010100000001111000010
01110011011000111011101011101100110111110100000110
11011000110000111010001110110100111100010110001100
00111111101111101010110000011001101000010010011000
00110000101000001110011000001011000010110010010000
00010000001110000000001000010010000110000010010001
00000111110010101111101110011100000100000010010011
00011100010110111000100011100111101100000010110110
00010000001100000000100000110111111000000110100100
00011100000000000001100111011101001101111100011100
01100100000000000001000011100100100001000000110000
00111100000000000001000110111100110111111100101000
00000000000000000001110100000000010110000100111000
11110000000000000000011000000000010100000110001100
10011111000000000000001000000000011100111010000110
00000001000000000000001000111100000000101011111011
00001001110000000000001000100110011001101000001010
00001110010000000111101100111011010001011000000111
00000010011000000100100100101101000000010000001101
00000011101101000111011111100101100001110111101011
00110000100001100001010000001100110111001100100010
11011110110110100001110000001000011100101001100011
01100011011101100001000000001100000001101011000000
00100001000011000001011111100100000011001100111100
11100001000011000001010000110100000010001110100000
10000111001110111101011100011100000110001010100000
10000100001101100111000001110000001100010011000000
11110100001110000000000111000000011000011001111100
00011100000010100111001101011111110000001100000111
00000000000110111101101011110000001110000110000001
00000000000100000000001001100001111010000010000011
00000010000100111000001011000001000110110010111110
00000110001101001000111011000001001101100110100000
01111100001011001000100110000001011011011100000000
11000000000010111001100000100001010010000111100000
10100001111011100111000000110111011010011000100000
11100001001100000100000000010100101011010000100000
00000001110100000100000000010101101001110000101111
00000010010100000100111001110101001000000000111001
11000011110100011100101110001101111001110000000001
10001100000011110101100011001000000111010000000000
11011010110110001101110001111001111000110000000000
01010011011100001011011000010001001111100000000000
00110111000011001010001100110001000100000000000000
01100100001101001110000111001001001101111111110110
11000101001011011010000101111101010000001000010101
10000011001110110011111100000101110111001100010111
11000010110010101100001000000110001101000110010000
01111110011101100111011110001011011011000010110010
00010000000011000001110011001001110010001100100110
00011011111100011100111000111000001110111000111101
11100010000111010111001000100111101110100000000001
10101110100001110010111000111100010000111001100011
10001000110000100011000000000000110111000010100010
11111010011111000001011000000000101000000011100011
00010111011001000001101111111000101100000000000100
01110101110111000000001100001001100100000000011101
01000110000010000011111000000011001101100001110011
01110010000110000010100000000010000000110000000010
00010110001110110010100000000010000000010000000101
00011100111000010110111011100011000000010000000110
00000000100000001100101010111001000000000000000011
00000011100000001011111011001011110000000000000001
00001110000000001110000001011010011111001111000111
00001000000000000001111111001010000001001001100100
00001010000000000011000000011011001011001100111100
00001011000000000010000110110001001110000111001100
01111101000000000110001010100001100000000001101000
01000111000000011101001110100010100000000000101111
11000000000000010001110001100110101110000000000001
10000000000000011110010000001101101010000000001111
11100000000000000011110000011001011011000000001001
01100000000000001100011111100001010001100000011011
10000000000000011000001000100111010110100111110110
11100000000000010000000111100100110010100100001100
00100000000000011100001100000110101010111011101111
00100000000011100110001000000010101011001010110001
00110000110000100011111000000001101100111011011001
11000000011110101100000000000001000001100001101110
10000000000010101000000000011111000011000000011011
00000000000000111111000000110010001110011111010001
11100000000011100001000000101010011000110001101000
10110000000010000001000001101100010001111000101100
10010000011010000000110011000100010011000000110110
11011001111011000000010110000110010110111000010010
01101001011001100000001100000011010110101100010011
00101110110000110000001000000010110110110110110001
00110011100000000000011000000000100010011011100111
00000000100000011111010110000011100110001110000100
00111000100000110001110011000010000101100000000101
01101000110000100000001101110010000000100000000111
11001100001110110000111000011011110000100001111000
10110101111011011000000111101100000000100001001111
11100101110101001111000100010100001011100001110000
00000100101101000001000100110111011010000000010000
00001100101011000111000111100001110110000001110000
00001000101010100100000000000000011000000011000000
01111001100010110101100000000000001011100010111000
11011101001110001100111000000000000010101110001100
10000111011001111000001000000000000011001000000110
10000100010011000000001000000000000001111000000011
11111000011110000000001111000001110000000000000001
00001111000000000000000001000001011000110000000001
10110001001100000000001111000001101111010000000001
10111001011011000011111000111000110001111100011111
11101001010010000010000011101111011000000101110000
01101111011111000010000001010100001000011101000000
10000000100101111011100011011111111000110011000000
11000000110010101000110010000001010001000000000000
01100000010011001100010010001001011111000000000000
00110000010001110100010010001101000000000000000000
11010000010000001011110111000111110000111011000000
10000000011110111010001100000110011111101010101100
11000000000011100010011001111010000000101100101000
01000000000000011011100111001110001111110100111000
00000001110000001100111100000000011000010111100000
00000001010000000111000000000011010001110111000000
00000111011110000001110000000010010001000000000000
00001100000011000000010111111001011001000000000000
11111000001101000000011100001001101001110000000000
10000110000101110001000000001100101001010000000000
11100011111000001111110001000100001101001000000000
00100000001100011000110001000000110110111000000000
11100000000111110100010001100001100011100000000000
00000111100001000101111000110111011100000000000000
00111100100011000111001100011101110110001100000000
00100110111110000000000100000011010011100101100000
00111110000001111110001100000000110000110100110000
00000000000000000011011000001111100000010110011000
01101110001101111101010000000000011100010010001000
00110011001001000101010000000010110110011100001100
00011101111011000011001110000010100001000100010100
00101100000010100010111010000010111101111100011100
00100011100011101110010011100110000110000000100000
00111010100000001001011101111000000010000011100000
00001110111000001011000101001110000110000000000000
00000000001110001110000100001011000100111111111100
00000000111011101000000100101001110000100110000111
00001111100100111011100010101010011111100011110001
11001001001100000010101110101011100100100000011110
01111000001000111000011000001100000101100000000000
10000000011011101100010000000000000101011000000000
11000011100010010110110001100000111101101000000000
01000010110010000111010101010000100000011000000000
11000011011011000011110101010000111001010000000000
10000001101011100000011011011000001111011110000000
11000100101110100000001010001011110000000010011100
11100111001001101111111011000010011000111010110101
10110001111001011001000001100010111001101010100101
10010000000101010011000010111010100111001011101101
11011101000111011010000110001010110100001100000101
01100101100010001100011100011011000100000111100111
10110100100011000111010001110001110111000000110000
10000111100001110001011001000000011001100000011111
11100001100111100001001111000000001010111100000001
10101110100110100001010000000000000011000000000001
10111011100101100001100000000000000011100000000011
00000000000110000001100000000000000000111100000010
00000000111011100011100000000000000000000100000010
00000001101000111110010111000001110000000111111011
00000001011000010000010101011111011000011000001101
00100001100000011011110110010000001110110000000111
00110000110000000010000010110110000010000000000000
00011100000001111011000011100011100110011110000000
00000100000001001101000000000000111100110010000010
01111100100001001011000000000001100000101101110010
11000000100001001101111100011100011100101101010010
10110001100000110110000100010100110111101011011011
10011111011101100010110100110111100100001110001001
10100000010101001110111101100000000100000100001101
11111010110101111011101011000110000100000100001100
00001011101100000000001110000011001100011100000100
00001101000011100000000001000001110000110111101100
00000011000010100000000001100000010001100010111000
00000010000010110000000000100111110011000010000000
11110011000011010011100000011100011111100000000000
10010001101110011010110000010000000000011100000000
10010000011000001010001100010000000011111100000000
10110000010000001100000101011000000010000110000000
10100000010111101111001101001000000000011100000000
11011000110010110001011101110110011100010000001110
01110000101110011001010000011011110100110000001010
01100000111001101001101100000001110111111000001010
00011100000000111000100110011010000000001100001011
00110100000000000110100011101111100000000100001001
00001100000000000010110000110000101110000110011000
00011000000000000110010001010100111011000011010000
00010000000000001100000011110000000101011110010000
00011100000000011000001110101100001101110101110000
00000110000000010000001000101000000000001011000000
00011011100000010000001100110000000011101010011110
00001000110000010000000110010111000110101100010011
00001100011110110000000011011101000000100100011100
00010100000010100000000001100001000001101100000111
00110100001110100000000000111001111111010000111001
11100100001001100001110000001100011100011001101011
10000000001101000000010000000100001000000001000110
10000000000111000000110000000110001011111000000100
10010110001000000000100000000011110110001100000100
10110011011010100010110011100000011011000000000100
11100000110010110110010010110000000001100000001101
00000000100110011100110010011000011110110000011011
11111111100100000001100011000000010011010001110010
10000000001110000001000000100000011001010011000000
11000001111010000011000001100000010011011110000000
01110001000010000110000011000000010110000000000000
00010011000110000100000111010000011000000000000000
01110010000100000110011100110000001111101110000000
01000110000100000111010101100000000010101011000000
01100100000101000100110011000011100011011001111000
00101100000101111000101100000110110001000000001000
00101000000100001101100101110000011001000011101100
00101000000111000101011101011000000001000110100100
11001000011101101101110111001000000011100101100000
01011001110000001000000010001000111110111100000000
01010001001110001100000011101000100000000000000000
01011011001010000100111100101100100000000000000000
01001000001011000110100100000110100000000000000000
01110000001001000010100111110010100000000000000000
10010010001101100001100000010000110000000000000000
10010010000110100001000001011011011111100011100000
10111110000000110001100001101110000000110010110001
11100000000000011100000000100000011011010100011111
00000000000001100111110000111001110110010110001000
11110011001011000000000000001111000100011010001010
10010001101111000000000011110000011100001110011011
00110000110001000000000010011111010000001000010001
00000111011110111111011110000001100001111011111111
01111100000010100001110000001100110011000010000000
01000000011010100000010001110100011110001010000000
01110000010010110000010001010100000000001010000000
01000000110011011000110001010110000000001110000000
11000001100011101100100001011000000000000000000110
00000001000110100001110011001110000000000000000010
11100000110100110001010010000010000000000000000110
10111001100110010110011011110011000000000000011100
10000010000010000010001100011101000000000000110000
01111011001111010011000000000011000000001110000000
01001101101001010001111101111110000000001011000000
11000110100000010010110111000001100000001100000000
00111010111000010110010000000000110000000111111001
00001110001000010100011100000000011000001100001111
00000000011000110100000111000000000000000000001000
01011100010000001100000001100000000000011110001111
11010110110000001000000000100000000000010010000001
10110011000000111000000000100000001111010010011110
00101100000001101100000000110000001001110100110010
00110100000011000110111000010000001111000110101010
00011100000010011011101000011000000001100010111010
00000000000010110100001000001100001110110010000110
11000000000011100001110000000011101010001110011100
01000011000000000111011000111000100011101001010000
01011101100000011100001100101011100000111010010000
01010100100000010100000100011010000000000010011101
00110011101111000100000100000011101110111011000101
11100110001001111100001100000010111001101001111101
10011100011100000000011000000011000001001110110011
10010011010011100011100000000000111001100010000110
10110110111000011110110000000001101001011011001100
10101100101111010001110000000111000001101001011000
01101000110001010000110000000100000110111011010000
01011000000001110111100000111001111100011110110000
01110000001110001100110000001011000011110101100000
00000000011001110000001111101010000010101101000000
01110010110001011011101000100010000011000000000000
11011011101101101010111011101100000000111000000000
11000000010110100110000010001000000000101111100000
01100001110010100100000011001110000001100001111000
00111111000011100111100001000010000000111110001011
00001000000000000000111010000000000111000010001101
00111111100001110100001011000000001101110010110111
00100110110001010100001111100000000000011110100000
00101100011100110100000110100000000000000000110000
00110000010110100110011011101100000000000000011000
00011011011011110010010000011100000000000000001111
00001101001100010010110000010100000000000000000001
00000101010110000110100000010100001110000000001111
00000101110010110000100011010110111011100000011000
00011101000011101100110110001011100000100000010000
00010001000110000101010100011000010111100001110000
00000001000100001101010100000001100100000001000000
00110001000100001011011100000000100110000001100000
00101011011100001010101010000000111011000000110000
11100110000011101010101010000111001101000000010000
10000100011100101011101100000101000111000111010111
11100111010110101000110110001101000000111101001101
00111001011011101000011000011001100000100011011001
00000111000001001100000111011100110011101011100001
00001100101110000110000101110110010010001010101011
00011000011010000010000110000011010110111010011110
00000000010111000010111011000001010101001011010000
00011110110101001010000001100001110101101101110000
00010100100011001010000000100000100110000110011100
00011010100000001011000000111001100010111000000100
00001110110000111001100000001110110010010011100000
00000000011000100000111000000100011010011110100000
11100110111000101000001000000100001110000101100000
10100011101110111010001011000111001110000001000001
00110000000010000011011110001101110000111101001011
00010000011011101101100010000010011011000101001010
00011000110000101110111110000011001110110101011011
00000000100011100011000001000011100000101101010001
00000000110110101101100111000010110011101001011001
01110000010101111000110100000010011010011101101111
11010000010110001100110111110110101110000100100001
10110000010010000011011000010101100100000100111100
00100000011010000010001100011101001100000111001011
11100000000011000011100110000011001000000101101010
10110000000001100000111010000110001100000100011011
10011000000000100000000110011100000101100110010000
11101100000000100000000000010000000001000011011111
00100100000000101100000001110110001111001100000110
10101100000000100100000001000011001001110111000011
10101000000000111100000001000001101000010001000001
10101100000000000001000001000000101001110101000001
11000111000000000001110001101100110111001111000001
10111001100100000010010000000100010100001000100001
10100000100110000110000000001100111110111000100001
10100111000001000101110110001000100011100001100111
10110100000001011101010100011000111100000001011100
10011100000001010010000100110000000110000001110011
11100000001111110010000111110000011011000000000010
00100000011000011010000000000000001100000011111110
11000000010000000011100001110000000110111010110000
01100000110000000110100001011111110011101110010000
00100000101111111101100001100000011100001000010000
00100000101000000011000001111000110100111000110000
00110000011011011000100001001100100101100000100000
00011011110001110110110001110100100101001000100011
11100000000010000011000000011110110111101100111010
10101111001110000001100000001010101000000100001111
10101001011000000011111110001100111010000100000001
10100000010000000110000011000110000011100111000111
10111011100000000100111001100010001100111001100000
11001110100000001100101101111011110110001110110000
01000010111000111000100101101000011011100011011000
01000110001000100011100101001000001000111001001100
11101100111000100110001101001000001000001100000101
10110000101100110100111011100100001100110111011101
11011011100100101101100110011101110111011000010011
10001000000100110011011100010011001001000001110010
11001011101100011000110000010110011100111111001110
00111010101100001110101111011100110011100000111011
00100110110000000011011001100111100000000001100001
01110000011000000100110000100100011111000011111100
01111011001000011101100000100111010001100110110111
01101001001100000011000000100001011000111100101101
10101001001101111100111001100001001101000011111000
10101001111101000111001111000001000101011001010111
10001000000001000001001010000001100111001111011100
11101000011101000001011010111000001010000001000000
10111000110111000011010000101000011110000011001111
11100101100000101010110000101000000000000010011001
01100111000111101110100001101000111110000010010001
00000000111000000011100011001001100011000010010111
11000000001011111100000010001111000001000011010100
10000011101010011010110011110000000001100001011000
10000000101011001011011100010000000000110011001111
10000000111010001101000100010011110111001110100101
01100000000110000101010100011010000000110001101101
00110110111100000111011110001010000000011101011001
00011010100000000001000010001000000000000101100011
00001000100000000000111100001000000000001100100010
00001110110000000001101111101000001011111001100110
00000000111011110011010100001000001111000011000100
00000000001110011110010101111000000011010110000111
11100000000001100010110111000000011101110100110001
10110111101110100110100000001101110110001101100101
10000100101110111000011110000111001010011001011101
11101100100000000111010011000000001011110101100001
00011000101111011101100001001110011110000100111111
00010000111001110000110001111011110110000110000000
00000011000000110000011000000000000000011011100011
00110010000000011111101000001110111000010000110001
00100011000000001000101000000010000100010000010000
00110001000000000000111000000001111100010000010000
00011011100000000000011100001111000111110000010000
00000110100000000001100110001100000100011110010000
00000100100111100001000011001111000110000010100110
00000100110100100001000001110001100011000010111100
00000000011100110001100000010000101101100010000000
00000000000011010011100011110000111000100000010111
00000000000000110001101010000000000000100011110101
00000000011100000011011000000000000000101010111001
00000000010100111110110000000000000000111010101001
00000000000100100010100000000000000000000011101011
00000000000111100011100000000000000000000000101111
