899 50
00001110001000100001010010010001000010000100111000
10010000110000110000110010001011010001010100100010
11000010001010000000000000001010000110000000000000
01010000000100100000000101000011000100000000110000
00100000000010000000000100000010001101001001100100
10001110001000000000100000000111100000000000011000
00000010100100000100000000001100000110000000000111
10100000101110101010000000001000010001011001010000
00000001000001010000001100000001000010000101000000
10000000101100000101000101010100100100010110000001
11010000000001101100100000100011111001100000100001
00000000001100100010000110000000110010001000101010
00000000111000111100100000000000100100110100001001
10001000011101010111000000000100000001000010000001
01100000010001000100000000000110010100011100010000
00111100001000010010000100110100010000000100011010
10001000000100001110100001010101001100010000000110
01101010000000110001110011011000000000000111000000
00000010010111000011001001000010000000000100001110
00101110100010001001010001010010000011101101000100
00100000100101000000010011000001001000010111110000
00000000000010001100000001000010001100001000110010
00100010000011000001011001100110100101101000000100
11000001101111101100001000000110000011000000001000
00001000000000001100000011110001000000110101110110
01100100001010000000011010011000001011100100000000
11010001010101010010000001110010000000011100000010
00100000100001100001010000011001000000100000000001
00100100010000000100011100000100101011010101000001
00110100001010001000011000000000111101000110100000
00100100000000101000110001011101000001100000011010
01000001010000100000001010000000000000110001001100
00101001001100100000010100100001000010000001000010
00000011001011100000110001110101010011010010000011
00010010100001000001001000000100101100011010000011
10000100000000011000000001010100010010000000001001
10001000100011001000010001000100101000010001000000
00011000000110001000000011111000100101000010000010
10011000101000010000000110110100100100010000100010
10000000001100010011010111001010001000100000010000
00100000000000101110000001000100100000010010001000
10000101000010001000000000101100001110100001000001
00000001011011000001010110000011010100001000010001
00000000001001101101000011010000100101010000000000
01001000001010000110100100000000000000100000001001
00000000001000010111011000001000001010000000000001
00110000000010000110100000000000010001000000000000
00000001010100000000001001011011011001000001011001
00100000001001100000000000001001000101000000010000
00000011101000000000000010001000010001001000000000
01010010001000000001110010100010001000111001100000
11001001001011000011010001011000000010000101000000
01100110100010000001010000000001100100011001001101
00010100010010110101000001100100000000110000000100
00100000100000000011101000100100010100100101100010
00000100000001110100111100000010010110100001011000
01001100111000100001001101001000011010000101000000
00001011010010000000000000000010000010000001000010
10000001011000010000101000001010111110000110000001
01101000110001000000100100010010000001010000000000
01101000000010100110000011000000000000100010100011
00000001100010000000010000000100000011101110101000
01101000000100001001000100000000001001001001100010
00000011100000000000100000010001010100110000001100
00001000001100101101110110100010000010001110101001
00101000000010100001100000110101010000010010000001
00010001010000100100110000000000101011111010001000
00010100010010000010000000000001000000111010111010
00000001111001011100001000000101001000111101000000
00010101000101101000001001101110010001010111000000
00000100010010000010000000100000000000110010100011
00011010010000101110100001001110000100011100100100
11101010001000001001111100000011110100100000000101
00100100000011010010001000100000110010100000000100
01001010110000010011000100010000000110110011010000
00000101000001011000001000101000000001010111111011
01000110100001110000010001100000010000010011001000
10001100000000010000000110001000100000011000000000
10001010000010110100011000000001100110100010000010
00000111100000000001011100000010001000011000100011
01010101010100000111011101111001001000100111100010
00010000100001110000001000101010000000000001010000
00000010110000101000000000010010101100010010010000
01101001001100000001000010111001010010110101010000
00100000101010000000011010110100000001000000010101
10101001000010000101110000000111100100001001010110
00010010000010110001000100000010011101000011100000
00010000100010001101000100100000000001001011000000
10111011010101001000001100000001010101111100000010
01010001000010000010001100000000000000010000010000
00010001001010010111011010000010110001000111000000
10110000011010100100000100001110000001101011010000
11000000001100000100000100100100101000101001100001
10000000010010110000000000100000101001000001000000
10110010011001101100000000010100101000111000010000
10010000000000110011100000110000111110010011000010
10100110001010010010000000000000011000011010011000
00010100100100000001101110101000101100000000100000
01000000101001001000000111101000000000100011101001
01001001001101011000001100001000000100010000000001
00000111000100010010010000001001101110000100001000
01111100011000000100010010001001000101001000100101
10000110001001011101001001000000010001000010101000
00000110010010000000000010100100001100000000101000
01001100000111110100001011110001010110001010000110
00000000000010101000100000001000001001010100000000
11001000011110000000110011100100000010000110001011
10000000010100000000100000010001001001001000000001
10000001101010100000000100010000001000010000001000
00010001010000011010010011010010000010100000000110
01101001011000000100000000010000100001010000110000
10100011000000000010010000000001101111100001101100
00100011100010100101000000000010101100000000000110
10011010011001100000000100000011100101001000110000
00011000110011101101000101000101000000010001000100
01001001011101110001000001000011011101000110001101
00100010001100011010100010100011010000000001110010
11010000000000000000001001000010000110000001010000
11001001010010100001101100100010100100000010110000
10000010000100000010100000100000001000010000100100
00001000001100001001100101010010011100000001001010
00100100100000000010000101000010101001010100001000
00100001000100110011100000101000000101000000110101
00000000000000000000100000001000000101000000111011
00010110001010000100010010001001010001010000101000
00010000001000000001100000010001000000100010011000
00110001000011111010010100010001101010101001011110
11100100000111100000011110111000100001000110110001
11001010100100010001000110000001000011000010000010
01000000011001010100000001100100110000101101110110
10000001000100010100010000100010001001000000101000
10011010001001000001010000110001101001001100100010
00010000100011100001000010101100000010111000000100
00011000110101000010101010100010101110100000000011
01000001001111110001001001001100000000000000001100
00100000101100010010001000100001000010000001000000
00001000000001000000010100100111000000101000011000
00111110100010000110000000000101000100111000000101
01101010100110000110001001100000110000110010110010
00110000110110000001001111011000111000010010001001
11000010001001100100010000000100000000000010100100
10100000010010000010000100001001100001001111100100
00010100000000100110101000000010000001111011010000
11110010111000101001001101100001000000000000001000
00011101000100010001001001101001000001100000111001
00010000000000111011101010000000100011010101000001
01001000011100100000111110001001000010000111010101
10010001110011000010001001100010000101110011010010
10110001001011000100011100101000000100010110100101
00110000101000000000100010000010101100001011101000
00100110001100000000011001000100111000110001110100
10010011110010000000000010000010001001000000010000
11001000010001011000000001000110010000100000000010
00000000100010101100010000011000010000010001000010
01000001100000010100000110010000000111000000000010
00100000110011001000100000110000000100111000001000
10101010010001100001100000000010010000100000110010
10100001101100000000000000000011010000100100000000
10100111010001000100000010100000010110000001110000
00000000000000010110110000000011000010010001000000
00011000010000000000010001101111101001001000000000
00010010001100011011001101001000001011011001000010
00101000100101000101100001000110000010010101000010
11000000100011001000110100010000101001111110000100
00000000001100100010000111101001011000000000000100
00010100010101100100000000001001100110000100000101
10011010001010101101001100110000010110001000001100
00010000100010001100111000100100100010100100101000
11010101010000101011100011000100000100000000000000
01100001000000100000001000010010100001000000101100
00100000100101110000001000010000101001000000010011
00110010100100000001011100011010010011000010000001
00111010100000000010000000010000010010000000100000
00010010000000100100011101001000100001100110010100
10000000111110010000010011000101001100011000100100
11000010001000000000001011000101001001001010001011
01010000100000000001001110001010101000110001000000
10100000000001011001111001010001000000100000001000
01100000000001000010000110000000011001100110101010
10010000111000100000100100100000001000010000001000
01010000000110001001000000000010000001000001100010
11000100000000110000000000110000100000000000010110
00000000000000110001001100000000000110000010000000
01001011101110100110010001110000100000010000000101
00000000110000010000000001001111001010100101001010
00000010100000101010100000100000010000000100000010
01100100100001100000001001010011101110001000001100
00101100000000100100000100000011010010010101001000
10011011110100110110011000001110010000000001001111
01000000010001011000011010110000000101000001000000
10000011111101001000000110110000100001100001011001
00001000110000010011100000010101001000010101001000
00010000000100011000010011100100100001100011010010
11000011100110001100000000000001010001000001100000
00100000110010001000001110100101000000001100111010
00000000100100010000001101011010010100000010001110
01110000000010011110000000001101011100111001000000
00100010000011011100010100101010000010011000000010
00100101000100011000010000010100100010000000010001
10011010000000001001000000100010000001000011001100
00111011010011101000000011010000101010011010101100
11101000000101000001110000000000000100000011010000
01001101001010000000001000100101001001010000100001
00000001010010101000100001000100000000000000000000
00100001110010101100010011010010101010001100000000
11000001010000000000010000000101000001011000001000
01100101000110001100010011000011111111000000010000
00001100001001001000001000100011001100000000001001
00000100001011000001011001110100100011001010010000
01000000000000000001001001100010001000100010001000
11000101010100110011011010100101011000001010100000
01000001100011100000000001100101000100010000000001
11001111000010011000100010000100010010000011101111
00010101110101101001010000100000000001000000000000
00010000001000001000010110000010010000110001001100
00110011000001011100100100100100011110001010000001
10100010000000100000010001010010001000110010100001
01000101100000000101000000000100001000000010101000
01110000010101110111010000100100100000000000010000
10110000010011010000110000000100000000101000100000
00010100000000000000011111111000000100100000000101
00000010000110000101010101001010100000100000101001
00000100100000000000000000101000000010100011000001
00000111010011011010000100001111000101110100001001
10000000111000010110000000010000110000101101000110
10001100101000010000101000000010100000000010000111
10000011101100000000000100000101000011111000001010
10000010000000101000100001101000101001001010000000
00011001010100000000000001001000010110000101000110
00100000110001101011000000000101101100100001000000
10101110000100100010011010100000010010010100000010
00010100000011000000010000100001001000010100000000
11010010110000100000000011001000100100000000111001
00000000001100010010101100000001000011001111011000
00000010111001100101000000000001000000011011011001
10111000001100010010011001000010000101010001001000
10100001001000101100000001010010000110000110110000
11000011000000000100100110001000000000010000010001
00000110010010101010001101011010001100111100000100
00011100000000100001111000000101001001011000000101
00101001000000110001000101100110000011000100000000
00010100011100010000111001100010000000001001000000
11010001100111010010001101011100010111000001110001
00000011100011110101001010101110000010001110000000
00100000000001000100110000111001011001010110000100
11000011000110000000111000000100100000000000001100
10001110000000010100001111010101000010000110111000
01000101000100010000011000100000001110100000000111
10100100100000010010110000100000110000000001010010
00000100011000000111001000100000000100100000110000
00010001100000000010000010000110101010000101100000
00100000011000100010011000110110000001100001000000
00001001000000000101000010010000011100110011010101
01011000000100011000110001111110010000000100000100
00100111000101111000000100101010110000000010000000
10100001011011011010000000111101010111000000100001
01000000101001100000001000100110100000000100100010
01000000000000100000101011000000100001001010001110
00000010000000101001001011100100010101011101010001
10100001000000110001100100011101000110010110101101
01000110010000000001000001000001000100000100111000
01000100000000000001000011001001010100000000001000
01000010000011011001000101001101000010100001000010
10100000010100000001010001001000000000101010010000
10100011101011001001001000001000000000010011011001
00011000101110000011000100010010100010110110000000
00010010000010000110100111001000000100000110100010
11100101001000000101001100100001011000000000101110
01111100000000101011000000000000101000100100000000
00000000100000011000100000100000000010111010000111
01000110100000100001000110000110011100100000011000
00110010100000001000000010011010000000100000000000
10001001101010100000011010110001101000111001101010
10000000000101111100001101000000010000011110110101
10000011010101000001110110001000101000000011110000
01010100100001000000000010100011110100101100000100
01100000000000000000000010101011011001010110000001
00011001110100000100100000000000100100000100000010
00000001010001000001101000101000001000111101010000
01000100000001110010100001010001100011000000000100
00010011010100100011000100111100010010010110000000
00000100010010110001100000011000000100000000001011
00000100000100000100000000010001000010101000001101
00100000000111000000101000100001011101010000000011
00000101000000011000001010001100010000100100010010
01001000000000000000000000101111000011001101010001
10000100000000000100100110000010000011010100100000
01000000000011000001100000000010001000001001001100
01011110000000000000000000000111000001100100011101
00110111000111100010010101001100001100000010000100
00100000000000000000000000110000010000000100011100
10000100001000000000010010000000001001000000000001
00110000001000010010001010100001010000010001010000
10001000101110000000000100000101000100000101100000
10000000000010111011001000001000000000000000011000
10100011110100000010110000010000000010010010000000
11001000110101101000101001001100110010110000000000
01000001000000000001100100010000000000100000101000
01000100100100001010000000101100000000001100000000
00110011100001100001001110000011010000111100111100
10001010010001001000000010000100000011001000110001
10010010001111001000101010010000001010100010000000
00001000100001000000000100101000000001000010000000
11000100011010000000000111001000000000001000011010
00011101000000000110011010010000110000000100110110
01110000001110100111000100000010000011010000100010
00000000000010101001100000100000000100001000101000
01000010100000001000000100000000000101000101000001
11010000000101100100010111111000011001000001100000
10110011100000000010010000010000010000001001011111
10011000000110000000010000001010001000000000100101
00000100000110001000011000010000011010100001000010
00000100001001001011011100100000001010110111101101
00001001100010011000100111000000010010000000111100
11000000001100101011100001001000000001000000000000
01001010000110100000101010011011011001000000010000
00001010000010000000101010001110110011110100000000
00000001010011100001110000100000000000000001010010
00000000111100100000100100000000100100011000001000
10001001111101000101001000001010000001000010100000
01110000010110000001001001000000001110000000000000
11100111011100000000010101000000001000100000010010
00000000110010010000100010011101001110010000100010
01110001000000000111010000010100001100000001001101
01001010000100111000010100000001000001111110110000
10000000001101010100010100001110000110000001001001
01101010110000100011000000010000000000010101011110
01110000100001100000010000000100000001100010010001
00010110010010000000010000000000110100011001000000
01000000001011010011010000100001000000010010011000
00011001110000100001100000000000000110010001000001
01010000010001000001001000111100101101101010100100
00110011001000101001000000000101001111010000010000
11110010000011000001000100001000000001011000000000
00100010000100001110010000001000000101000110100000
01010000110001010000110110000100010000101001010000
00010001100010011001000010010110000000001000001001
01001000010101001000011100011010001101010110001000
00000101011000001011000000000000001011000000001000
00000100000000000101110000100000000100000000000101
00100000010000010010001001000000101001000011010010
00110011100010100000000000001101000100001011001001
10000000000010101000000001001010011101011000011100
10010000011000000000000000000000011100010000100100
10001000000000001011010000011100000010000000111101
00100100001010110100011000100000100011011001000000
00011000110011010000000110110000010000000010001010
00111010000000001000100001011000001011011000000010
01010011001100011000101000010000100000010001000010
10001010000000000000101010010111000000010011000100
00001001000101000001101110000110001101100101100010
00001110101000001001000001010000101100001011101001
00010110110000010100000100100100100000011110010000
01100000110000000001100100111110101110010100001100
00001110010000100100101101000100001000001000100011
00000100100011111000001000001001110100000001100100
00011100010011001000000001001001000011110000000110
01000000010000001000000001110010111101000010001000
00100101000000000010100001001110001100000010101000
10100000001001000111000100010000000100101000001000
10001100000010101000001011000000000000011001110010
00000001110010000100010011010001001100001000101001
01000000000000101000010000100000001010011010100111
11000010101000000100101101001001000101000110100010
00101010000001111010100001010000100001001000100011
11001100010000101101001000100001110001001000000000
01100010100000111110001001001001000010100000001000
10111000011000000001100000110000010011011100000000
10000000010000000000101110000100110000000011110000
01001011011000010100100011000100110100101000000001
00110000100001000010011000100100011101100101000001
01100000011000000001000000001011010001011001000000
10000100000000100010001000000101000100100000010000
00100001010100001001001000000001011101000000000000
00000100000001001001000100100000000000000011100010
00010000000010000100001000010000100100011000000000
10100000001110000000000000101001010100000010000000
00001010100010100100110000001101011000110010000000
00100001000000111010000011110000000100011000000001
00011010101110000111000100011101000000000001110000
00010001111110001010001011000000010100100100000000
11000000100010010110000001111110100001000111010100
01011010000110010100111000111111011001010110010000
00000000101011000011100001001100100101100011000001
01000000000111100100000110001010000110000110000010
00011101001010001010000000000010001000000000100000
01001111110000001000001000100011011011011100011110
00000001000010010110000000100110101001100001001000
01000000101110001100100001011111011110000111100000
00110011000000000110011110001011000011100000000100
10100100100000100000001100010000000000100010001000
00000001100001011101000000010011011000000010110000
00000000010100001100100000110110010001110000001001
10100000010001000000101100010111110000000010010000
00000001001100000011100000100100000100100001000000
11100101000000000001001001010110010001000100000001
10000100001001001010010101100001001100001100000010
01001001010010001000000000101100100101010100110010
00010000000000000000000001100001011001000000101101
00001111110000100001001010010110100011010000110011
00001100000101000100010010000100011000011001010000
00000111000100101000010010000100001000000001000010
10000100100100000100110000100010000000000011000000
00000100100110000000100011100100000010010100000001
00010010010110000001010101000000001101100000010011
01000000001001000011101011100000100000000010000011
00110001001110001000010000000000000100011001010101
00000100010010000011100000010001100000010010100000
10101110111001111010010001000000000010000011000000
00110000000001110000000000001000000000000101000000
00001110000010001001010000001001111001010001000001
00010011111010010100100110000001100111100100100100
10000100000100010011001110000010010000000000010000
10100100110000011000000000001000000010001001101000
10000010001010000000100010000001100000000110000000
10001011000100001000110001000000110000010000001011
10111010000111000100101100101011000101001100000100
10000100100001010000000001010000010000000100000000
10000010010001001010001000100000000000100100010110
01011000000111100000100000001100000010100000000000
10001001000000001110001100000100001000000000001000
00010110000000100011010000000000001100100010000000
00000010001110001100111000100000010000011011000010
01000100100001000100001000100110010101000011000010
00001011101011100010000100000000000110000000101101
01000000111000000000010100001010100100000100000000
00011000000010010000000010001101010011010100000101
00100000010100010000010010000010001010101100001010
00000000000101001000010110000010000000100110100001
01110001101001011010011111100001101100000000100010
00010001000101000000010100111000000000111000001100
11011000101011001011101111111010001100100000000010
00011001000000111000010111001110110100110000010010
00001001011101100001101000010000000101000000001000
01110000000001000010101000000001010000010001000000
00100101101100011010000101111000100100000001010010
11001100110000101110100100100010001100110101001000
11010011101100110000011001000000001110000010000000
01010010000000000001001110110001001001100000000010
00100010110000000001101110010110110001001101000010
00010110000000000010100000001001010100001010111100
00011000000000000100000000100001000000100101011010
00000100000000111100000000100011101000100101010010
01110000100010110001101001001010000000011000000010
00100010010100001000001110001110100000100001010010
10000100110011100101000000100000010011100011001100
00100010001010100000100000001011000000000011101100
11000010000000000000000010001001101001100111010000
00000000000101000000001111010001101001110010001000
00100100000000000100001000110000000001011001001100
00000001000010000001000110100000000100000101010000
11010010000010000000101111000110100110000111000100
01000001000111100010000110010100011000000100000011
00111100110000010000001001000011010110000100001000
10000001010111101001010110010000001010001000100010
00001001010100000110000110000000011000101000010000
00010011001010000001001010011101110000100000010000
01000010100101000001100100000110000001100000101000
00101100100101000100000100000001011100111000000001
01110011000011011010101101100101010000000000000000
01000000100000011001000000000000110010100001000000
01000001101010100100000000001100001000110000000010
10100010000000000100000000001010000111001000101100
00000001010101000101000111110101000010000000000000
00011000011100101000001010010010001100011011000000
01000110010000000011110101000001011001000000000100
01010010000000010100100000001000000000100001001010
00000010100100101100001010001110100011000110111010
00011001110010000001000100000001101111101001100001
00000111000101001101000101101010001010010000000001
10110011110010110100101010000010010000000000011000
01100000000000100100100110100000000100111000000010
11100110100000000000000001000110000010000111000000
10000010000010001000000101000010001100100100000000
00100000010000000010111110000100110101100000100100
00000000011001000101001011000011000000001100000000
00001100110000100000001000010001100010010001001000
00010110000001010100100010101000000000100000000100
00010000100001000001100110000011100000010100001000
10001001100011111000110000001000000010000011000111
00110000001000100100001000000001100000000001010110
10101101010010000000000010001000111100010010010001
00000000110110100001010001011101001100101000010001
00010101011000100101000000100011011000101000000001
01101011100001100110100000000000000000110100000000
10110100110000111000110001100110001001011100000000
10000011010000110000001100000100110000001010011000
00000000000000110001110010000010100000101000010000
00000000000000110001011010100100011100000100000110
10110010100011000000011010001100010010101101001110
00101101100010011110001000000001010001000111010000
00010000000000000100101000110010010010001100101101
01110001110110100110101100001000010001000100100011
10000001000000000010001101000010100010000110000000
10000000000010000000010010000000000000110010101100
00001001001001001001000000000010100011000001110000
10010100100000001001100000011000000000100100000000
01000101001000011010001010101111010010001000100100
10000100000001000100000000011101011000011010000001
00010010000100001010000000101100000000010000000000
01111110010000100000000001000001001010001100010000
10100011100000111100001000000000010000000010111110
10101000000011111001101011100101100110000000011110
01011010000011011000001000010010000000000001010001
00110000001100001000001001000010000100000111001001
00000001000000000001000001010000101100100001110101
00010010000000000100001001001110000111000101010000
10001001000000000100001100001110000000010101101100
01110001001110010100000001000100101000011000110100
10011001000001001000010001000011001001000001010000
10101001101001100000001110110000000010111100110100
00010000000110010110100001000110011101110000000000
10100010100100000111110000100000000110001110001100
01110010100100111000100110110000011110100000110000
00100001010011010001000000110010001001101000000000
00010000110000000000100010100010000000001010111000
01100001001010000110001010100010000100000000000111
00010010011010000010000010110100000010000010011010
00000101010001110100000110101001011010000001001100
00000000010000101001001000000010011000100110000001
01110000011010000011101101011000100001010010000000
01010100011110100100000111000000100000001011100011
10010010100000111000110001010000001001000000000010
10000000100000100110100000000011011000100000000101
00100101000000001011100001000000000000111110010010
00011010111000000000100101101101001100000100000100
01010000001000000001000000010101001000011000111110
10100100000010000001000101111101000100010000000010
01100110010001001001000010001010100011000000110000
00011100101010000001110010100011000000101110000110
11100010010011010111110010110100011000000010000001
01000001000001111010000110001011011010010000001000
00100001000001000101010000000110000000011010000101
00000110000100011000110011111000000011110011101000
00000000100010100100000000010101000101000111100000
10000000000000000001000101011010000110000000000000
00100000001000001001001000000101010010000110010000
00001010000001100110010000010000000100000101111010
10001000011101010001100000100010001010001010100110
11000000011100100001000000010010000100100000000100
01000101010001111000100101100000001000000000001101
01001100011000001000011100110000100010100110100000
01011011000001111010011100010000010101001010111000
00010010101100111001000110001000000110100110000000
00001001110010110100001000100111001100000000010000
11000000101000010001100101100100100100000000000011
01001000001100011000010000000001000000000001000000
01000011000111010110010111100110001011000101000000
10101100000100100000100100010000000011001000000100
00000000100000100000001010010011000011000001101010
10001000010000001000100100100100000010000000000010
00111001010110000001000111010010000101010101011010
10100011010001101000010011000000001000101001001100
00100010100101100001101000001101000000000100011011
10001000001100101000000011010010000000000001100010
10001100000110110000001001000011110000011010100000
01001010010000100000001000110100000000001100110011
00000000011001010010010001010000010010000001100011
00110000000010000010001100101001000110000000110010
11000000000001000000010010000000101101100000000000
01111010001100100001110011100011000110010101000000
00000000100000011001000000100010100111010100001010
10101000000101001001100100001110000010001011000100
00001100000101010010000000010010010001000010100000
00001000000000001100000100011000000001000010001011
00000100010100010101101001000011010011001000001100
00001000000010011000101100111010000110010001001000
01110001011000010001001000010101011010110000000101
10101000010000100000110001100000100100000101001010
00100011000100010100100001000000100100100110000110
00000001001000000000101001010100100000000000011000
00010011001000010001010011110000100011010001000001
00001000000001110000010010010100000001010001110000
01111000000000100000100000001001000010000000101110
10010100011000001001010000000000000010000100000111
00001010100000100010101110101010000000000000010000
00000001001010000010110101010000001110000011011100
00011000100010000000010000100001100110000100001001
00100001010000010010100001000001011100001000000000
11000110001010101011000110110000100010000010010000
00000010101010010010100011010010110011010000000101
00100000011001000110010001000001010000001001001101
01001010100000000110011001000111001110100100010000
10010010000100100001000000000011000010110010001001
00011000010001100000100001011000000001011011100010
10001000110100101001000001000110110000101100000100
01100111011010000000000100000000000000100100001001
00111001100001010000000001000001001111000000000000
00000000001001000011000000000000000000100010101000
00010111001010001000000000000000010000001101100110
00000101100010000101001000000001000100000010000000
00100010011001010000101100100110000011000010001100
00100001000000011000101010000100000110010000100001
00000000001000010000010011001000001000011000000000
01100001100110101000101000101001000100010111100000
01000001111001001000101001000000000100110010000100
10101001000101101001101011000000001000000101100000
10110011110001000101000010110101100010101000100000
10101101001111011100110000000011110110000111000001
01001000011100011001010100101000000001110000000000
00011110000100000110000000100100100000000010001100
00100001001011000000000010010110000000000000001000
00001000001000001000001000001100010001000011010001
00100011100000100001100001011100100000000000001100
00110000111110010110010010001100100000110100001000
01000110111000000010000000011111000010000011000001
00000100100001000101010101000001010100000000001010
00000000000010100000010100000001110101011001100111
00000001000101010001100011001011000000001000001011
10011000010000010100111010011000101101001000010000
11000000100000000101100000111101000011000010000000
00010001010110010011010010101000001000110100100001
00110110100000000000000110110100011010001000101001
00000110100001000010101011101010000001000001010001
10000010001010010100100000101001100101001100000001
00111001110100000010100100000010010001000100000000
10000100000001000000010100010000011000001000100010
00001000000101010000000010010000100001000000010110
00100000101001010001000011000101101000000000000001
00001100001000001010100010010000011000000011000000
00101010001101000000010100000000100101010000010000
01011000010100010000000010001000000100000101000001
00000001000000100101110101100000001000000000000010
00000000111000111110101001000101000101011001000000
01010110010100110010000011100100100110011000011001
10010011000000000001000000000000101100100100010010
00110011000000110000100000001000010000000100011100
00000000000001000000000000011000000010001011000000
00100001101100001011100010000010100110110001000010
00000100001000000000101000010101000000010010000001
00000111100000000101001000100000010000011010100100
10010001010001000010000011000000000101000000010000
00100101001100001110000100000100100000100001010000
00111000000011110010001001111000000000100100000110
00110000001101010000000010100011000100000010110011
01000010000100011000010101001000011000000000010100
11101110000010010100001000001000010010000001010001
10000010010110001100100000001100001010100000010000
11000000000000001110000100000000000100000100010000
00000001000111000100011001000100100001110000000010
00000000111111000000010100000001001100111110000110
10110001110000000000101000000000100000100000110100
00100100000010000011000000001001000001010100000000
10001011110000000000011010001110000001100010000000
00011101000000010110001000011011010110000101110111
11010001000000000100010000000000010000001010011010
01010000101110110000101010010101101000000000001101
00010100000000001101100000101100100100000001010000
00000011111001000100000000010001100000000000000001
01100000001011000010100101111000001011000011000100
00100001101111000100000111000000000011100010010010
00000010000011100001000001110001001010010100010101
00100100100000100000000100100000100010000010000100
00011001000001100010000100011011000000000100000101
00010110011011000010001110010000010001010000001011
00001100000000001100000000100001101000010001001001
00100000000100110101110001001100000001000000000000
01000001000011000000010010000010000111010000111000
01100101101010000110000001100100100010000101011001
01000000010100000001001100110100110000010110000010
10001000110001010000100111011000111000001110010010
01100100010000010001000111010000000001000000000100
10000101100100101001001001000101100010100001100000
00110000000010110001100000100000000101010000100100
00010010110010000011000101001000000100001110000010
10000001110100100000001000110001000001100000111100
01000001101000010000100101001001100001110010000100
01001010110100010010010000100000000001001001010010
11110101000010001100001000100001100101000110000110
00100001110011101000010100110000000010111000101000
00000011000000011100110100001110100001001000111001
11011110000010100000000000100000001110000010010100
00010101001111110001101000100000010110011100000010
00010111000001010000000001010000010000011000110101
00110110110001100111100100011000000010100110001100
00000000100100100000010010000010111000000100010001
00010010101110100000000100110001010001000010000001
00000000000000100010111000111100000000000111000000
01000100010000100001000010000000000010000101000000
00001001000000000100001011011000001001000100000000
01101001000001010110100101011011000000001101000100
01000100100000000100010010110011000000000100001001
01100100001001010001100100001000000000001110110100
11000001001100000010101011000011001011000010101001
10110000000000001100010011000001000000001000001011
00101001100101101001001100000000010000000001010000
00000000000000010100001001000000100000000000000001
00011101001001001001100000000101000101000011001000
10100010110100100110101001111101000001000000010100
01001010000011000011000011000000010000100010010000
11110001000001010011001000000010100000000110100001
01000000000001100000001010011001000001001010001000
00101100010100111000001000011001100010000001010010
10000000000011000000001000100000001010010000100000
01001111000110011001000001001011100000000010110000
10100000100001111000000000110000000001011001010101
00010001100010000011010000000100000110010011000100
00000100100010000000000001110000100000100010111110
00000000001100000000000000000101000000000010110010
00001010001000010010000000000000100011000000100000
10000100001000000000001010010101011011001001010100
00111100001100000000010000000000000100011000010000
11000011010110011010000010011000001011000011001011
01010000011101001110101011011100010101001000010100
01011010101000001000000100111101010001000000101100
10000000110001101001001010101101001101001000001011
10010000111000101110010011001000000000100000001100
00000001010000000001010001001100101010010000111000
01011000000000101001100101000100100010101100001000
10001100110010010000011000001001000000100000101100
10011010110000110001100011001110001011110000000000
00101010010001000001000111000010000001001000101110
01000011100100000100001001000100000001110000011110
00110101100000010100000010000001010000000000001000
00001001001001100000100000110010100000001010011010
00001000101000000000010011000101011000010010000001
01100100101000001100110010000000101111011110100000
01010001101000001010000000101000100100011000000000
00001000000001000000000011010001001100000000000001
00011001001000000001010010000000110001110100010000
10000000000010100100001101010000000000100001001001
10010000000011110000100010010001001000100010000110
00010000010000100010011000001100010000100001111000
01100010000110011100000001001011000011010000011010
11011011010100000000010001001000101001000010001111
00000000000100100000000010100001100001101000000000
10000100110001010000011001000011000100000100000000
01100101110001001111011111010010101010110000110100
00010110001011000000100111001000001000000110100000
11000010010010010110000000100001000010000101100010
01000110000000000011100001000100100000111010000100
00000010010000000000011000000000000100000101000010
00100011010001001000001001010000001000010011100000
00010001000010010000010101000000000010000001111010
00100000001100100001000001001011110010000100000000
10010001000000000010100000011000101000001100110010
11000001000100011000000010001001101011110000000001
01000000000000111010000100011001001100010011100101
01000000010000010000010101110000100000000000010100
00011100000100101100000010100000100000000010000010
01000110100110010111010101000111100101010000000000
10010110010101010100010010100000110001100101100100
00001001101100000101000111000110000000010001100000
10001000000100011010111000010010001001000000001111
11000000010000000001000101110110100000010000110000
00111100000000100100000101000111011001100010100100
11010000000010001000010101101001010101000100111010
00101101011101000101000001010101011010000000001000
10010000010000101000100000010110000000111110000100
00000010000110000010110000000100000100011010010001
10000000000100110010000000000010011001000000101000
10000000010000000110000001100000100000010000010000
10000000100011011100011100010010111010010001001110
10110100000000000000010100001101011100000100000000
00000100010110011000001000000010000000100001100000
10101001000101111100110000001100100001010100010001
01000000001010100000101000100011100001000101010000
11010000000001010100010110010000011010110000100101
00100011010000000000010001010000001000000100000110
01011100000000000010100100100011100011010000101000
00011000111100000100000011011111000000000100010100
11010010000000000101000000000110000000010001010000
00000001000000100000010011000010100000011000000100
00101010111100101001010011000010000100100011010010
00111010000011010000001000000010000000000000011110
00110010000000101000101000000010010001000000111010
00100100100000110011001001100000100010001100100001
00000000000000011000000010100000011011000010100010
00010000010011010111100010001001101011010000000000
01101000010110001010000010000010101000000010000001
00100000010010001110010010000010100110100001000101
01101100010001010000000010110000101001101010110001
10111010010000011010000001100001000001011010010000
00111000111010100001111001100010001000110010011100
00101000100000011001001000001000001000000000000000
00000001000000001010001100001000000011101000100100
10010010000010011001000100000000100000000000001101
10010110000001000111100101001000010000001110001000
00000010000001100000000000010100000000000000100001
00000101001000110000000000100011000011000011100110
00100100101100000100010001000011100100111001000010
10000001000010000100010000100100000000001011000000
00000010000000011000000000000010011010011101000010
00000010000000100100000000000010100100101000100000
01000000100000011001000001001010000010100110101010
00001100011000010100000000011001000100001000001010
01000100100100001110001010100011000010011000000010
00100100011000010010001011001100000000100100010011
00111011000001101101000100000000101000000111100000
00001010000000001010011000000101000000001010010000
10000001000000000100000100110010111000010000110100
11001000000111011000000000010111101010000100011000
00000100000001101001011100000000010001110000000000
10000100100011010000000111000000100010010101010000
01100000110000010001010001000001000101100001100000
10010000000000000001010001110001100001010110000000
00001000001000001111010000010000000000000101000110
10100100011000100011000100101011101000000100001000
00000011100010011010110010100000000010000110000010
10000111101000100000001000100000011001000011000010
10100001100000000000000100001000100000000000000100
00101100001000000110010100100000000100010011011100
00101000001000000100000000011001101101100110001100
00000011100100101000010001000010000010000001010000
01100001111000110010010001010000010011101010011001
10010111000010001000000010000000100000011001010000
00010001000000100101111100010010001111000000100011
01111111001000010100000111000000001010010000100000
01000100101000100001001000000001011100000000001101
01000010100001100000110001110011010011011001000000
00000001010000001101010000101100001000110001001100
10000100000000010000100101101000000010010111011000
01100010011010011000100001000011000010001011000010
00110010000110011000000010010001001110101011110000
10010000100110000010001000110111010101000100011000
10100110000100101001000000011000010011000001010000
00001000110000100000011100010000001000001010000001
00100000000000011000000111100001010010000000000010
00101000100100000011011000100000001001000000100001
00001001000100101001100000000100101000000000101100
00010000000000000011010000001010001010000011101010
01000110001100100011101101011100011000101100100001
01000011110001000011000100001000110000001110010110
00000010111011000010010000000010000100000000100000
00010010101000100000100000000000000001100100100000
01000100001001000010010100100010001000100010001000
00000000000010011111011010010101100000100010110010
00110001010101001100001000010000001110000010001011
10010010011110100000011000110010010000000000010100
10000000001001000100000000000000100111001011100011
01100101000000000111010100111001100000001111000100
00100010001001000000111000010101101000000000000000
10110000000011100000000100000000000001010100000000
00000100100000001110000001100101100000010101101000
01000101001001001100011100001011011010010100000000
00001010010000011000110000000001100001100000000001
00011000001000000000001010000001010011011100001000
10100000001100000000100111000101001000011000000100
11000010100001000010010011000010000000110100110000
00010000100110111000000111010000000000110110100011
00011000000000100000001011010011010110011011000001
01010001111000000000100110001100001010100001001111
00000000010010100100100000100101010000001100011001
00010100100100001011100011100101001001000100110110
10001000010101000001101000000100101001100000000100
10001000001000110100001000011010000000000100000010
01101010101001100000001001000000010001001110000001
00000000000110010001001100110000000000100011000100
11101000000000000000000101000010001000011110000000
01000001011000101010000011000100101001101001001000
10010110011000000100001000100000010001000111011001
00100111011000011010100000010000000101001000000000
11000010000011100100001000101100000110110000000000
00011000000010011100001000000011000001010001010000
10000000110000110011000000101100001001000000000000
00000010010000110101110110010100101000000000010101
10000001000100001010000011100000101100010100001100
00101000100001110010100000010011000001010011011000
01100010101000000000101000001001101010000010110100
10001000010001001001011011011110101101001101000010
00110001100000000000000110010100100001010100111010
01100110011000000000001001000000000001000001000000
11010001000100000010010110000011000001000010011000
00010100000001000111100100000110000000101100001100
01000100011001100011000111010011100001000000100001
00000100010010000000000010100001000100000000000110
00000000100010010001100000100000000100101001110001
00100101010101100110010000111000001000101110000000
10000001010100000000110000000010011010000000110010
01010000000000100000010010010010100011000100010100
00010101000100000000100000000000010000011110110101
01001000100100001110101000001000000011001100010000
00110000001100010100011000000000010001101000000001
00000001011000000010000011010000000000000000110001
00100000011100001000000000010011000111000110100001
11000000100001000000000000010000101000101100010001
00000000010000001000001001000000000000101100000001
10110100011010111000110010001101100101001010000111
10100001000000100101001011001101011000000100000100
10101100000001001110101000100000100000001011000101
00100110100000100001000001001011010100000111000000
00101100001000000100100111000000010101010101000000
10001011100011100010100011100001000011000011000110
01000010100110000000110000000000001010000100000001
00000001101100100111100001000010100001100000010000
00010001000000110110100000111000011000111000101010
00010000010001000010111010000000101010001011000101
00101110001010010010010100001010100101000010111001
10001100010000010001010000010010000100000100010001
00010010101100000000000000101000000000011000001000
01000100001101010110100101100001000000001000101000
00100101010011001000000001000011000110101010000100
01101000000000101100000010001000001011000101000000
01000101000000100001010000001000001010110100000010
00000010100011000000110100010001001001000000100010
00010001100000100011000010100100010010001111000000
01100011011000100001010000000000000000010110000001
00010010000100000000000011000110001010000110010000
10000000010101000001000010000010001000100010011000
